0 0.477241 0.353573 0.043479 0.100483
0 0.346382 0.325923 0.045807 0.107747
0 0.418163 0.504233 0.072119 0.171059
0 0.580015 0.282072 0.035689 0.111005
0 0.819038 0.820977 0.115179 0.341550
0 0.315718 0.412697 0.050707 0.123256
0 0.506455 0.387106 0.037663 0.101132
0 0.784967 0.475812 0.099402 0.136928
0 0.895353 0.631108 0.070134 0.272456
0 0.616615 0.286874 0.046447 0.121044
0 0.376244 0.466585 0.041040 0.138246
0 0.914529 0.502753 0.047635 0.133762
0 0.174468 0.912469 0.087005 0.164405
0 0.430739 0.340711 0.046491 0.071866
0 0.184543 0.958970 0.092848 0.082059
0 0.573988 0.381830 0.034028 0.104304
0 0.549875 0.270936 0.038928 0.138601
0 0.067610 0.534165 0.044819 0.126046
0 0.126194 0.563428 0.059117 0.110283
0 0.140382 0.614010 0.087010 0.214885
0 0.570105 0.446290 0.067043 0.094634
0 0.049406 0.515384 0.037877 0.168051
