0 0.707973 0.546864 0.057707 0.163601
0 0.780139 0.495679 0.076267 0.157866
0 0.889537 0.487703 0.056912 0.147368
0 0.503087 0.390151 0.038103 0.096239
0 0.420580 0.503248 0.074400 0.172787
0 0.353132 0.319655 0.048014 0.100334
0 0.537930 0.391440 0.049224 0.107441
0 0.067527 0.541736 0.044647 0.120977
0 0.619430 0.291328 0.041500 0.109968
0 0.852377 0.701611 0.093657 0.245922
0 0.472515 0.367388 0.037676 0.085169
0 0.379612 0.468377 0.041538 0.170790
0 0.435730 0.331277 0.032266 0.090753
0 0.175360 0.881101 0.084190 0.146463
0 0.164142 0.377339 0.049564 0.231642
0 0.316352 0.427000 0.054571 0.144897
0 0.551716 0.278987 0.040146 0.151827
0 0.231315 0.467544 0.059171 0.162892
0 0.199637 0.956128 0.076718 0.087743
0 0.581003 0.274588 0.036056 0.092068
