0 0.780712 0.485040 0.071510 0.139314
0 0.723401 0.547309 0.077815 0.164991
0 0.068158 0.540126 0.045277 0.122056
0 0.466145 0.363043 0.039801 0.092158
0 0.613334 0.289470 0.043061 0.110545
0 0.903421 0.479377 0.058088 0.175360
0 0.420902 0.502963 0.068549 0.179058
0 0.537098 0.392584 0.042089 0.115368
0 0.351655 0.318325 0.048209 0.099206
0 0.855786 0.701279 0.098000 0.246788
0 0.434787 0.320974 0.044773 0.084296
0 0.186994 0.389727 0.039619 0.270816
0 0.277209 0.346038 0.030875 0.096684
0 0.580211 0.276488 0.036075 0.097172
0 0.318006 0.426877 0.056197 0.150712
0 0.551972 0.275701 0.038118 0.144855
0 0.574837 0.439512 0.069257 0.114567
0 0.498198 0.382815 0.035478 0.098338
