0 0.785879 0.489581 0.091245 0.174203
0 0.418480 0.502360 0.072045 0.170499
0 0.502752 0.387365 0.040539 0.100984
0 0.472153 0.356806 0.038164 0.094884
0 0.621705 0.294169 0.040369 0.114330
0 0.631829 0.586003 0.074142 0.215904
0 0.912811 0.604922 0.067155 0.257106
0 0.067572 0.537751 0.042821 0.120556
0 0.315397 0.414430 0.049704 0.116829
0 0.351311 0.322848 0.049615 0.098288
0 0.693242 0.548151 0.064203 0.176159
0 0.546826 0.274732 0.047373 0.136684
0 0.571647 0.383852 0.037285 0.105298
0 0.581190 0.283639 0.038306 0.113147
0 0.841540 0.754893 0.079819 0.210546
0 0.185431 0.959081 0.087579 0.081839
0 0.176566 0.919606 0.089717 0.160788
0 0.378082 0.476491 0.037797 0.156129
0 0.569752 0.445822 0.066435 0.093514
0 0.128276 0.556503 0.052777 0.106223
0 0.427591 0.343359 0.039424 0.065505
0 0.055524 0.518451 0.049575 0.165463
