0 0.417706 0.502668 0.074123 0.172871
0 0.503264 0.387869 0.044992 0.099741
0 0.731984 0.537665 0.075871 0.171528
0 0.791668 0.478167 0.084044 0.149323
0 0.348915 0.323274 0.049108 0.102859
0 0.477149 0.354251 0.043126 0.101294
0 0.314854 0.412619 0.049278 0.120984
0 0.820061 0.818542 0.116824 0.333536
0 0.615899 0.286732 0.044828 0.121308
0 0.579501 0.282757 0.035526 0.112924
0 0.060034 0.515356 0.058907 0.168715
0 0.173874 0.912078 0.089662 0.162651
0 0.914824 0.507746 0.047962 0.148320
0 0.430486 0.340637 0.046651 0.071697
0 0.180526 0.959367 0.097627 0.081266
0 0.373649 0.464113 0.035720 0.136711
0 0.570500 0.380658 0.037958 0.105363
0 0.893291 0.642576 0.070494 0.276590
0 0.549236 0.269637 0.041828 0.141694
0 0.129706 0.562987 0.055723 0.111250
0 0.570344 0.446257 0.067543 0.094953
