0 0.468525 0.357896 0.037593 0.090888
0 0.436979 0.326292 0.038670 0.088343
0 0.776565 0.499685 0.070885 0.160223
0 0.543841 0.388977 0.045059 0.113166
0 0.441478 0.516892 0.075725 0.192955
0 0.915788 0.614066 0.067543 0.273833
0 0.375509 0.477022 0.040329 0.155938
0 0.068500 0.538404 0.042210 0.118304
0 0.621342 0.597869 0.074925 0.220363
0 0.670891 0.542796 0.058037 0.224373
0 0.315605 0.415848 0.044326 0.119508
0 0.498538 0.386742 0.035966 0.098752
0 0.288514 0.367800 0.050406 0.253742
0 0.569761 0.440953 0.065594 0.102655
0 0.827490 0.824847 0.121405 0.336528
0 0.549505 0.275304 0.052403 0.144688
0 0.132220 0.577968 0.067824 0.140981
0 0.157045 0.919614 0.073311 0.153947
0 0.190932 0.960267 0.083350 0.079465
0 0.055208 0.489481 0.035280 0.114597
