0 0.471524 0.358117 0.042991 0.093665
0 0.436278 0.328881 0.034970 0.098052
0 0.538998 0.394898 0.045215 0.118985
0 0.441943 0.513615 0.075840 0.200902
0 0.501793 0.387886 0.037952 0.098392
0 0.776685 0.499832 0.070834 0.159807
0 0.667052 0.543930 0.060608 0.211873
0 0.915118 0.601532 0.081284 0.279971
0 0.143298 0.593114 0.076915 0.177969
0 0.376074 0.477066 0.038248 0.155711
0 0.310900 0.420224 0.044418 0.133046
0 0.608259 0.418022 0.048283 0.125232
0 0.621124 0.598755 0.073744 0.202312
0 0.068443 0.537942 0.041565 0.118542
0 0.577591 0.537926 0.118317 0.378218
0 0.830582 0.829031 0.129893 0.329971
0 0.548528 0.275766 0.049960 0.148606
0 0.059345 0.515654 0.052345 0.168247
0 0.153224 0.903304 0.071982 0.182223
0 0.052312 0.488502 0.033753 0.112584
