0 0.710659 0.543732 0.060636 0.164082
0 0.613310 0.290547 0.044149 0.112345
0 0.464772 0.363230 0.030554 0.093854
0 0.069492 0.538126 0.045651 0.124099
0 0.789076 0.491709 0.092195 0.161801
0 0.833740 0.437311 0.061916 0.132935
0 0.503356 0.382259 0.037257 0.090970
0 0.429315 0.327910 0.042834 0.098414
0 0.352440 0.319954 0.047424 0.093851
0 0.532722 0.394545 0.052735 0.138700
0 0.816597 0.814551 0.114334 0.355534
0 0.424799 0.518017 0.077523 0.184779
0 0.546830 0.279069 0.045753 0.155527
0 0.130545 0.557339 0.052375 0.102160
0 0.576292 0.276380 0.036348 0.102944
0 0.590056 0.422384 0.061212 0.150200
0 0.064861 0.426365 0.037196 0.139779
0 0.292313 0.355302 0.032188 0.081942
0 0.159678 0.875373 0.087139 0.162075
0 0.312577 0.411344 0.068026 0.183163
