0 0.708458 0.548082 0.063800 0.157978
0 0.788651 0.488137 0.086822 0.163786
0 0.419375 0.503026 0.072836 0.172159
0 0.346822 0.324630 0.047417 0.101924
0 0.474977 0.354800 0.049364 0.102921
0 0.615320 0.286725 0.045146 0.119481
0 0.067390 0.538044 0.045237 0.120652
0 0.314991 0.411781 0.048840 0.122495
0 0.505477 0.387250 0.037590 0.099234
0 0.174567 0.913428 0.090046 0.164176
0 0.431759 0.333743 0.043261 0.074541
0 0.376513 0.476967 0.046484 0.155272
0 0.556988 0.385955 0.036613 0.097623
0 0.180435 0.959614 0.089369 0.080771
0 0.572218 0.270162 0.035831 0.098360
0 0.129287 0.564309 0.057922 0.108671
0 0.544355 0.259222 0.027276 0.115358
0 0.857428 0.632836 0.099200 0.237371
0 0.055176 0.486925 0.032218 0.108059
0 0.820565 0.735639 0.110358 0.142734
0 0.569139 0.445170 0.066185 0.097303
