0 0.777217 0.476582 0.068963 0.152904
0 0.347082 0.325715 0.046584 0.109253
0 0.417416 0.503283 0.071768 0.170416
0 0.621726 0.292425 0.040727 0.115855
0 0.725917 0.551301 0.070671 0.150389
0 0.508018 0.392554 0.034912 0.091972
0 0.881649 0.640326 0.080175 0.261817
0 0.315541 0.416132 0.049583 0.115348
0 0.819435 0.819103 0.116312 0.333689
0 0.687337 0.501660 0.059260 0.279443
0 0.476909 0.355962 0.041627 0.100767
0 0.378978 0.469650 0.040777 0.138050
0 0.571285 0.383253 0.041253 0.103498
0 0.173860 0.920449 0.096818 0.158134
0 0.058027 0.517778 0.053574 0.165809
0 0.581570 0.283132 0.040625 0.112508
0 0.429132 0.343356 0.040105 0.071610
0 0.181426 0.959493 0.097418 0.081013
0 0.068352 0.534868 0.044003 0.124294
0 0.128271 0.557983 0.053054 0.109458
0 0.572239 0.447325 0.060270 0.089799
0 0.537142 0.269397 0.032185 0.131105
