0 0.780593 0.493450 0.106663 0.174704
0 0.315848 0.413484 0.052694 0.122176
0 0.349026 0.325036 0.050666 0.102685
0 0.689821 0.550685 0.065435 0.178731
0 0.620962 0.598749 0.077513 0.220958
0 0.427437 0.505386 0.073479 0.181872
0 0.377562 0.476355 0.045033 0.164373
0 0.916734 0.612729 0.067236 0.266694
0 0.474118 0.360379 0.036060 0.085828
0 0.621530 0.293990 0.040764 0.107712
0 0.421688 0.328599 0.042470 0.082121
0 0.069089 0.538805 0.040005 0.117975
0 0.498061 0.386363 0.039965 0.100504
0 0.548890 0.276201 0.050280 0.140659
0 0.568284 0.447172 0.062416 0.092520
0 0.551606 0.385298 0.043511 0.097798
0 0.828250 0.826196 0.124902 0.343557
0 0.139431 0.614891 0.087311 0.227684
0 0.058868 0.513439 0.053401 0.175318
0 0.132823 0.567127 0.071004 0.131030
0 0.582921 0.280351 0.037724 0.103416
