0 0.787377 0.490753 0.092278 0.178826
0 0.697983 0.554320 0.066915 0.177352
0 0.347182 0.323381 0.044031 0.098570
0 0.630750 0.600578 0.104263 0.221011
0 0.315898 0.413890 0.051393 0.121127
0 0.379734 0.478077 0.044644 0.160083
0 0.430584 0.511744 0.079888 0.189973
0 0.470827 0.361554 0.033495 0.091491
0 0.071433 0.533742 0.046159 0.124721
0 0.421737 0.330043 0.040868 0.082556
0 0.843573 0.760216 0.084549 0.212574
0 0.054415 0.495295 0.035914 0.128833
0 0.570544 0.441227 0.065204 0.105171
0 0.575257 0.274123 0.032634 0.094866
0 0.547772 0.276825 0.049663 0.143139
0 0.856472 0.650608 0.109526 0.219407
0 0.534490 0.394244 0.058583 0.115856
0 0.610093 0.293411 0.046773 0.109293
0 0.129946 0.568983 0.064812 0.121169
0 0.502464 0.381392 0.033617 0.093911
