0 0.720504 0.549555 0.061974 0.155679
0 0.420690 0.502772 0.072067 0.174377
0 0.539081 0.392333 0.046984 0.111478
0 0.067042 0.542615 0.044357 0.114621
0 0.783880 0.503130 0.068102 0.095144
0 0.617395 0.289528 0.042433 0.109928
0 0.439479 0.332757 0.031587 0.096584
0 0.353497 0.319119 0.048476 0.099175
0 0.473278 0.366007 0.031797 0.084360
0 0.380475 0.470958 0.043607 0.170806
0 0.503405 0.387571 0.042793 0.100263
0 0.316749 0.425357 0.050059 0.147023
0 0.850716 0.698398 0.088693 0.243229
0 0.551528 0.277791 0.038996 0.148836
0 0.581489 0.278021 0.038652 0.100368
0 0.130929 0.560528 0.055153 0.107377
0 0.270107 0.482179 0.063694 0.210716
0 0.931908 0.591911 0.061017 0.341513
0 0.262499 0.325589 0.050934 0.180800
0 0.170472 0.894617 0.089068 0.158873
