0 0.792462 0.483942 0.076619 0.144271
0 0.613008 0.290657 0.044471 0.112241
0 0.464658 0.354057 0.037306 0.086804
0 0.721312 0.551777 0.075843 0.149665
0 0.428143 0.521709 0.082908 0.188547
0 0.533946 0.395536 0.048814 0.137995
0 0.354245 0.318998 0.045311 0.092548
0 0.575991 0.277312 0.035403 0.105923
0 0.816009 0.813641 0.111462 0.349104
0 0.440116 0.320428 0.037390 0.093317
0 0.130595 0.557337 0.053003 0.105033
0 0.591602 0.423387 0.059488 0.150791
0 0.488756 0.385146 0.041985 0.091727
0 0.920578 0.519080 0.053533 0.231416
0 0.293686 0.355697 0.033699 0.082189
0 0.067711 0.539915 0.043892 0.117248
0 0.311781 0.408864 0.069844 0.187110
0 0.547500 0.276720 0.043203 0.150431
0 0.054093 0.519332 0.061567 0.167307
0 0.160935 0.871811 0.083349 0.148155
