0 0.750710 0.494350 0.080718 0.190696
0 0.472186 0.361452 0.037818 0.091781
0 0.353066 0.321995 0.045901 0.100367
0 0.632683 0.604777 0.094716 0.197013
0 0.506030 0.387038 0.029707 0.089818
0 0.071355 0.537371 0.046281 0.119960
0 0.431558 0.513372 0.080559 0.196004
0 0.619238 0.291099 0.043712 0.108024
0 0.379647 0.479074 0.045535 0.158497
0 0.314545 0.412620 0.045031 0.121498
0 0.915343 0.607457 0.068814 0.261081
0 0.538561 0.394255 0.050514 0.118147
0 0.426998 0.328005 0.029211 0.078859
0 0.054808 0.494580 0.037139 0.126243
0 0.571114 0.439469 0.065473 0.106869
0 0.827710 0.825955 0.123044 0.340470
0 0.283304 0.326023 0.024500 0.150982
0 0.131571 0.579740 0.065943 0.143952
0 0.540335 0.271696 0.033734 0.136452
0 0.573359 0.275929 0.038015 0.101214
