0 0.619192 0.603290 0.093784 0.208871
0 0.540365 0.391881 0.048720 0.119712
0 0.775312 0.498727 0.119142 0.177530
0 0.071272 0.535409 0.046698 0.123382
0 0.350798 0.323233 0.048066 0.097199
0 0.473494 0.360535 0.042560 0.092640
0 0.378684 0.478582 0.042959 0.157743
0 0.430592 0.512989 0.080781 0.196449
0 0.317069 0.413290 0.047049 0.121922
0 0.143488 0.591605 0.077598 0.174952
0 0.505453 0.389862 0.030382 0.094646
0 0.829802 0.828313 0.124851 0.339738
0 0.915202 0.613449 0.072178 0.265131
0 0.621172 0.293465 0.042448 0.107382
0 0.421889 0.330408 0.042218 0.081878
0 0.548999 0.275768 0.051255 0.142909
0 0.570629 0.439410 0.065276 0.107102
0 0.054978 0.495483 0.037764 0.128309
0 0.293402 0.311590 0.026992 0.149362
0 0.580368 0.272699 0.035515 0.095625
