0 0.780860 0.492714 0.105762 0.174716
0 0.316298 0.413598 0.051769 0.120412
0 0.697204 0.548144 0.058887 0.169473
0 0.068534 0.537759 0.038951 0.121612
0 0.625447 0.598279 0.082448 0.214584
0 0.378836 0.477108 0.044735 0.161180
0 0.474076 0.360827 0.037896 0.088575
0 0.349846 0.322785 0.047109 0.099841
0 0.427261 0.505939 0.074690 0.182622
0 0.621382 0.292372 0.040317 0.104003
0 0.423105 0.329538 0.039502 0.080153
0 0.570294 0.436042 0.065882 0.114029
0 0.549300 0.275753 0.051405 0.140720
0 0.498893 0.385750 0.036421 0.101045
0 0.555098 0.387175 0.030652 0.085530
0 0.842557 0.761868 0.083499 0.218077
0 0.132216 0.579827 0.070167 0.150048
0 0.891593 0.643643 0.060667 0.267144
0 0.859354 0.642688 0.121293 0.271505
0 0.051444 0.488421 0.035390 0.104963
0 0.053553 0.519076 0.046602 0.166058
