0 0.776814 0.501025 0.072090 0.159333
0 0.471572 0.357505 0.044421 0.096135
0 0.618346 0.599059 0.082949 0.224992
0 0.442453 0.514034 0.069635 0.199402
0 0.501910 0.387099 0.037906 0.096571
0 0.540689 0.401173 0.049119 0.129462
0 0.698473 0.542985 0.056695 0.194644
0 0.914216 0.609128 0.078823 0.276198
0 0.438210 0.324119 0.044605 0.088674
0 0.376243 0.477682 0.039905 0.159123
0 0.311890 0.418046 0.044464 0.127585
0 0.143394 0.591747 0.076348 0.177617
0 0.166394 0.910354 0.095826 0.172261
0 0.068468 0.538806 0.042269 0.118071
0 0.683931 0.436261 0.064968 0.285273
0 0.169114 0.951380 0.050198 0.097241
0 0.830537 0.830637 0.129094 0.325856
0 0.550616 0.277431 0.054117 0.150040
0 0.058886 0.515525 0.052424 0.168058
0 0.609931 0.419649 0.097111 0.164765
0 0.052712 0.488028 0.034735 0.112241
