0 0.722425 0.557008 0.076852 0.145336
0 0.613453 0.289905 0.044578 0.113310
0 0.781621 0.496157 0.069571 0.120702
0 0.899144 0.475443 0.058068 0.166293
0 0.069289 0.540008 0.045474 0.125816
0 0.417654 0.504314 0.078032 0.184120
0 0.350651 0.323328 0.046417 0.107241
0 0.471159 0.354932 0.041874 0.094851
0 0.538929 0.400103 0.047341 0.132080
0 0.590260 0.488518 0.065159 0.261054
0 0.495491 0.393403 0.041207 0.090087
0 0.433422 0.323438 0.043009 0.090994
0 0.817042 0.812111 0.114021 0.344815
0 0.580108 0.279821 0.036634 0.105047
0 0.130541 0.558437 0.051591 0.102436
0 0.318388 0.421841 0.058247 0.159313
0 0.533918 0.283872 0.048726 0.158693
0 0.274027 0.367950 0.032236 0.086367
0 0.591729 0.428361 0.060393 0.140796
