0 0.473432 0.360378 0.042039 0.092796
0 0.347301 0.324616 0.044540 0.103853
0 0.775762 0.500395 0.119670 0.178513
0 0.070757 0.536149 0.046014 0.122297
0 0.621954 0.295213 0.041657 0.110235
0 0.537450 0.391963 0.048295 0.115158
0 0.631465 0.605822 0.095263 0.198692
0 0.431568 0.516396 0.078048 0.192542
0 0.380155 0.478082 0.044293 0.155930
0 0.918908 0.607866 0.069446 0.273513
0 0.317922 0.414407 0.042836 0.116230
0 0.549996 0.275001 0.051421 0.146462
0 0.828521 0.826192 0.123191 0.339172
0 0.428607 0.329435 0.029417 0.082635
0 0.569561 0.437409 0.066069 0.111266
0 0.055227 0.494574 0.037179 0.126771
0 0.505533 0.387429 0.032064 0.089683
0 0.285288 0.329972 0.026463 0.162352
0 0.139609 0.590040 0.079715 0.177224
0 0.578748 0.270033 0.035333 0.090319
