0 0.698012 0.543030 0.068887 0.150209
0 0.439009 0.518939 0.080327 0.198251
0 0.615088 0.289009 0.042644 0.112141
0 0.649159 0.587297 0.085885 0.185704
0 0.528317 0.404613 0.064189 0.131396
0 0.751743 0.500820 0.085859 0.148093
0 0.474807 0.352083 0.049122 0.093673
0 0.820872 0.818182 0.107568 0.339969
0 0.352606 0.319335 0.048451 0.100615
0 0.446061 0.323971 0.052465 0.102032
0 0.054308 0.519647 0.064364 0.168973
0 0.131509 0.557670 0.053345 0.107023
0 0.324788 0.420105 0.056007 0.151963
0 0.591313 0.424054 0.061692 0.166984
0 0.275380 0.336117 0.024684 0.103316
0 0.539604 0.266042 0.028710 0.130314
0 0.158327 0.901875 0.096930 0.196250
0 0.581236 0.279313 0.039978 0.094158
