0 0.792516 0.481254 0.081366 0.150844
0 0.722918 0.553810 0.077151 0.149618
0 0.068978 0.539424 0.044221 0.120867
0 0.418340 0.501435 0.075341 0.179435
0 0.898414 0.484183 0.062193 0.166531
0 0.540007 0.395437 0.046286 0.138718
0 0.612794 0.290693 0.042939 0.110802
0 0.504642 0.386653 0.036512 0.098190
0 0.437919 0.321381 0.029094 0.082151
0 0.352175 0.321180 0.044647 0.097155
0 0.129794 0.557163 0.052067 0.103311
0 0.816764 0.815275 0.115205 0.352531
0 0.179929 0.880521 0.081645 0.144636
0 0.459535 0.350391 0.032202 0.104614
0 0.224844 0.427560 0.054636 0.301013
0 0.548188 0.277980 0.047207 0.154202
0 0.591872 0.424017 0.058714 0.153098
0 0.578478 0.274525 0.033206 0.094952
0 0.316454 0.423272 0.054693 0.153350
0 0.198811 0.954262 0.073955 0.091476
0 0.292361 0.353917 0.032118 0.078411
