0 0.472074 0.359441 0.042281 0.092328
0 0.754167 0.495864 0.079400 0.194286
0 0.381057 0.480308 0.047134 0.157274
0 0.357213 0.318682 0.043876 0.096618
0 0.430789 0.512684 0.080299 0.194559
0 0.631599 0.605238 0.094682 0.199068
0 0.071720 0.537003 0.046956 0.120832
0 0.920099 0.605747 0.069268 0.264623
0 0.621657 0.294582 0.041661 0.109034
0 0.525154 0.398947 0.048680 0.107607
0 0.828053 0.827774 0.123220 0.340334
0 0.318088 0.414250 0.044856 0.117007
0 0.569906 0.442466 0.066286 0.100868
0 0.420368 0.327437 0.037580 0.078751
0 0.055043 0.494357 0.037167 0.126543
0 0.536395 0.266540 0.034437 0.128907
0 0.131801 0.573983 0.063504 0.138542
0 0.283895 0.328267 0.023992 0.159353
0 0.499131 0.387934 0.030609 0.080569
0 0.581522 0.273490 0.035578 0.091835
