0 0.726166 0.542613 0.068125 0.163124
0 0.417348 0.502793 0.071372 0.171665
0 0.316535 0.412715 0.051590 0.121522
0 0.347860 0.322155 0.046862 0.106391
0 0.791120 0.481598 0.086539 0.160096
0 0.503721 0.390938 0.041666 0.096760
0 0.476412 0.355196 0.038601 0.094980
0 0.901002 0.626853 0.082168 0.286508
0 0.819077 0.819835 0.113765 0.336302
0 0.618237 0.290639 0.042044 0.121514
0 0.376262 0.467587 0.041820 0.141882
0 0.433873 0.338459 0.041228 0.080467
0 0.580590 0.283282 0.036598 0.112908
0 0.066674 0.539225 0.045279 0.117500
0 0.569879 0.381988 0.034937 0.103220
0 0.130414 0.560956 0.056316 0.106906
0 0.185979 0.960591 0.093041 0.078817
0 0.178714 0.923826 0.086329 0.152348
0 0.546709 0.272742 0.045719 0.135493
0 0.911750 0.502319 0.040367 0.124330
0 0.570318 0.446220 0.066960 0.094303
