0 0.889637 0.487408 0.055991 0.144455
0 0.470472 0.362806 0.044270 0.089936
0 0.067533 0.541362 0.044856 0.121134
0 0.538801 0.394177 0.047520 0.117416
0 0.418195 0.502973 0.072917 0.177140
0 0.727489 0.548781 0.074476 0.153326
0 0.505231 0.390375 0.036482 0.095915
0 0.352909 0.317379 0.048165 0.102112
0 0.610756 0.288936 0.050235 0.113884
0 0.436506 0.325753 0.043676 0.080660
0 0.854248 0.701645 0.094249 0.246180
0 0.784801 0.504221 0.058543 0.090179
0 0.315798 0.426181 0.056004 0.146768
0 0.376018 0.439344 0.075530 0.173242
0 0.577954 0.276033 0.030038 0.099327
0 0.158448 0.380480 0.029823 0.232655
0 0.552097 0.275861 0.038560 0.143895
0 0.121928 0.591424 0.045869 0.154199
0 0.257992 0.413065 0.048612 0.143318
