0 0.439409 0.519044 0.079444 0.197448
0 0.639702 0.519949 0.076559 0.265372
0 0.528553 0.404973 0.063698 0.129565
0 0.351055 0.321553 0.046975 0.107621
0 0.722449 0.558575 0.071744 0.135919
0 0.432965 0.323835 0.031913 0.089834
0 0.474900 0.356023 0.037585 0.094597
0 0.770477 0.489082 0.062813 0.121761
0 0.612514 0.293952 0.045039 0.102871
0 0.815847 0.814205 0.117543 0.346724
0 0.591222 0.421321 0.056511 0.139233
0 0.323177 0.421588 0.054663 0.153857
0 0.053871 0.520069 0.064246 0.168495
0 0.160258 0.876008 0.081592 0.135027
0 0.499151 0.377986 0.036141 0.077464
0 0.068505 0.537978 0.042493 0.119127
0 0.292627 0.356129 0.030638 0.082374
0 0.581331 0.281130 0.037817 0.101887
0 0.128734 0.563012 0.051129 0.108889
0 0.539502 0.267160 0.028299 0.131566
0 0.175141 0.902696 0.114236 0.194608
