0 0.618970 0.600473 0.086812 0.215035
0 0.777845 0.492212 0.111709 0.173969
0 0.713490 0.545032 0.073098 0.166220
0 0.068966 0.537258 0.039273 0.120211
0 0.316835 0.414660 0.051763 0.117954
0 0.473478 0.360503 0.037671 0.088833
0 0.621935 0.294103 0.041363 0.108001
0 0.505386 0.385632 0.032609 0.096165
0 0.377482 0.477930 0.041352 0.158492
0 0.427307 0.507074 0.074467 0.186248
0 0.350263 0.321808 0.049351 0.098584
0 0.542120 0.394457 0.046366 0.115311
0 0.857721 0.652863 0.106103 0.208485
0 0.844990 0.762797 0.083517 0.211220
0 0.548038 0.276475 0.050162 0.142386
0 0.570800 0.437242 0.064855 0.112431
0 0.423357 0.329894 0.037472 0.081050
0 0.142838 0.612835 0.089501 0.226827
0 0.054050 0.491834 0.035323 0.116896
0 0.579270 0.273839 0.034085 0.099741
