0 0.785478 0.487947 0.088569 0.178151
0 0.419121 0.502506 0.074467 0.173978
0 0.068918 0.534308 0.044830 0.126863
0 0.316203 0.413266 0.052412 0.121350
0 0.342618 0.328721 0.045655 0.103861
0 0.524772 0.397918 0.064082 0.118244
0 0.467997 0.362312 0.035588 0.081469
0 0.918208 0.601944 0.072587 0.260483
0 0.376299 0.478661 0.040545 0.156013
0 0.547548 0.278089 0.046656 0.143383
0 0.570398 0.435969 0.065463 0.115325
0 0.496219 0.379467 0.041362 0.080094
0 0.624960 0.291842 0.040227 0.098047
0 0.180677 0.925651 0.085216 0.148698
0 0.841011 0.756130 0.077177 0.210710
0 0.658883 0.575294 0.090933 0.225577
0 0.053365 0.494425 0.033599 0.123777
0 0.694252 0.554980 0.072509 0.167245
0 0.582162 0.281009 0.041019 0.107444
0 0.187865 0.959761 0.086426 0.080477
0 0.428545 0.341292 0.038635 0.065913
