0 0.348076 0.324267 0.045298 0.103253
0 0.418113 0.502560 0.072602 0.171133
0 0.501675 0.389977 0.046671 0.100829
0 0.727468 0.544764 0.074987 0.162851
0 0.477523 0.354786 0.040827 0.098202
0 0.177913 0.925109 0.100941 0.149783
0 0.616711 0.287701 0.044223 0.119682
0 0.315813 0.413667 0.049387 0.119963
0 0.819720 0.817212 0.115123 0.334904
0 0.773905 0.486912 0.061996 0.133270
0 0.580551 0.282508 0.036743 0.111086
0 0.376434 0.469627 0.042090 0.145219
0 0.436560 0.333152 0.041837 0.073512
0 0.573287 0.382680 0.037804 0.103212
0 0.900860 0.611268 0.091906 0.282735
0 0.571424 0.448833 0.059890 0.088256
0 0.129391 0.561227 0.054843 0.106729
0 0.061510 0.515910 0.057813 0.166996
0 0.547260 0.275772 0.048095 0.142280
