0 0.719322 0.551504 0.062275 0.153032
0 0.419197 0.505028 0.074720 0.174409
0 0.352385 0.322079 0.050576 0.102564
0 0.432099 0.326160 0.032862 0.073043
0 0.617671 0.286445 0.043672 0.115027
0 0.774315 0.479727 0.059491 0.140500
0 0.503372 0.388528 0.036084 0.096289
0 0.534141 0.393541 0.030910 0.108064
0 0.377651 0.480421 0.043875 0.160243
0 0.906968 0.632882 0.067653 0.239233
0 0.060151 0.515154 0.060004 0.171130
0 0.458946 0.370574 0.046360 0.081262
0 0.551627 0.275969 0.038463 0.144043
0 0.174273 0.913396 0.096829 0.173208
0 0.581334 0.278816 0.038205 0.099958
0 0.188810 0.961740 0.079546 0.076521
0 0.316998 0.424156 0.044370 0.138484
0 0.130395 0.560345 0.057454 0.108334
0 0.307837 0.491387 0.077762 0.187985
0 0.068515 0.539838 0.044275 0.117694
0 0.823652 0.736306 0.114122 0.166363
0 0.563485 0.424970 0.061762 0.116187
