0 0.347279 0.325925 0.045916 0.112071
0 0.828063 0.826135 0.122339 0.342870
0 0.472628 0.357304 0.036563 0.092784
0 0.506805 0.387827 0.028666 0.095146
0 0.631838 0.605666 0.096048 0.193157
0 0.914251 0.606562 0.066644 0.261259
0 0.430805 0.512070 0.078937 0.196657
0 0.537756 0.390188 0.049051 0.119309
0 0.379619 0.478174 0.044845 0.159721
0 0.778883 0.497959 0.077156 0.161779
0 0.071192 0.537048 0.045169 0.120813
0 0.317929 0.412514 0.051550 0.122448
0 0.431755 0.322747 0.042343 0.090754
0 0.292728 0.328096 0.042760 0.159862
0 0.157120 0.918773 0.076628 0.155389
0 0.570665 0.438598 0.065984 0.109173
0 0.054418 0.493950 0.036373 0.125984
0 0.131629 0.585700 0.069055 0.157226
0 0.548947 0.273714 0.052504 0.141219
0 0.597564 0.293917 0.042002 0.118581
