0 0.726421 0.550089 0.080503 0.157285
0 0.617252 0.286583 0.044210 0.117906
0 0.776269 0.501253 0.063902 0.092516
0 0.549087 0.391875 0.050395 0.126566
0 0.912193 0.615422 0.062052 0.268382
0 0.504395 0.388643 0.037736 0.096313
0 0.420659 0.503426 0.072991 0.176611
0 0.316718 0.414490 0.050799 0.118954
0 0.351802 0.322565 0.047005 0.101579
0 0.069348 0.540225 0.044100 0.115503
0 0.628196 0.580798 0.050920 0.182849
0 0.552877 0.269642 0.041010 0.134579
0 0.383219 0.463864 0.040287 0.164031
0 0.188998 0.960582 0.081809 0.078835
0 0.173661 0.919101 0.095957 0.158742
0 0.825826 0.734575 0.116711 0.140450
0 0.582321 0.281029 0.039264 0.098649
0 0.569349 0.438486 0.064957 0.106430
0 0.061120 0.516806 0.060240 0.169668
0 0.454447 0.358250 0.062239 0.097524
