0 0.792053 0.482907 0.081841 0.146365
0 0.722532 0.556679 0.077406 0.145362
0 0.069117 0.538297 0.044708 0.125929
0 0.430572 0.325563 0.037715 0.087229
0 0.900531 0.500020 0.067216 0.140348
0 0.613384 0.290330 0.042464 0.111557
0 0.417006 0.503114 0.077895 0.181376
0 0.542192 0.399049 0.045646 0.135822
0 0.475071 0.358018 0.036723 0.100301
0 0.180679 0.881530 0.081692 0.152048
0 0.351898 0.321990 0.048860 0.098041
0 0.539184 0.298317 0.063394 0.174973
0 0.817172 0.812313 0.115503 0.345914
0 0.505489 0.388349 0.034664 0.099917
0 0.130271 0.557319 0.052876 0.101086
0 0.200666 0.958679 0.073763 0.082643
0 0.591770 0.422802 0.058262 0.151770
0 0.292498 0.356073 0.035099 0.080558
0 0.548565 0.229606 0.017258 0.056615
0 0.311294 0.409924 0.070236 0.182948
0 0.589279 0.487544 0.062328 0.272588
0 0.576256 0.262422 0.030978 0.080722
