0 0.470539 0.363414 0.042610 0.089499
0 0.420432 0.503346 0.073011 0.174192
0 0.720350 0.552965 0.060813 0.147497
0 0.618077 0.289246 0.041585 0.105539
0 0.502774 0.387121 0.042814 0.102511
0 0.538703 0.391952 0.045429 0.111016
0 0.433795 0.331948 0.036925 0.093030
0 0.352635 0.318499 0.046703 0.103476
0 0.066909 0.542267 0.043619 0.115950
0 0.885958 0.473797 0.060834 0.148518
0 0.381096 0.467978 0.046038 0.169704
0 0.315911 0.426343 0.049088 0.146582
0 0.850376 0.699027 0.091029 0.245575
0 0.171033 0.905202 0.090761 0.169619
0 0.258545 0.476440 0.071813 0.229494
0 0.131235 0.559838 0.056835 0.108091
0 0.576734 0.273316 0.033701 0.098075
0 0.784135 0.506699 0.068687 0.085992
0 0.257358 0.336083 0.040390 0.194326
0 0.551332 0.278897 0.040579 0.149183
0 0.198486 0.955418 0.075204 0.088336
