0 0.774454 0.495089 0.063586 0.115076
0 0.540790 0.393004 0.044263 0.108392
0 0.718870 0.548992 0.059545 0.154850
0 0.419050 0.504052 0.073487 0.175342
0 0.618437 0.287321 0.043773 0.114923
0 0.462878 0.366501 0.041526 0.084916
0 0.066468 0.528281 0.050377 0.144726
0 0.352998 0.321634 0.049916 0.096958
0 0.430664 0.322902 0.039392 0.081236
0 0.502049 0.388547 0.043008 0.093519
0 0.906014 0.633328 0.065884 0.241183
0 0.581492 0.279180 0.039410 0.101767
0 0.551563 0.276443 0.039918 0.146539
0 0.380677 0.482435 0.045611 0.159192
0 0.317534 0.421301 0.045307 0.131493
0 0.188342 0.963225 0.081887 0.073549
0 0.172652 0.915657 0.090442 0.164255
0 0.130219 0.561676 0.056847 0.107764
0 0.292285 0.464518 0.065025 0.143489
