0 0.727485 0.552440 0.078964 0.150054
0 0.617722 0.286432 0.044095 0.113848
0 0.568493 0.432840 0.057378 0.118738
0 0.421518 0.508166 0.071418 0.163863
0 0.353028 0.319443 0.043975 0.105043
0 0.908818 0.628521 0.072262 0.253889
0 0.505060 0.388660 0.036027 0.097529
0 0.540947 0.388480 0.039340 0.128305
0 0.581291 0.279279 0.038667 0.102210
0 0.061406 0.510526 0.060499 0.178999
0 0.383169 0.465608 0.044636 0.169480
0 0.429780 0.331162 0.034987 0.062262
0 0.551975 0.270556 0.038835 0.134192
0 0.188724 0.961125 0.083309 0.077749
0 0.173041 0.913405 0.093066 0.164516
0 0.335780 0.414465 0.042931 0.088424
0 0.819034 0.725488 0.104464 0.201769
0 0.783729 0.513192 0.070295 0.082254
0 0.461206 0.372095 0.049560 0.072556
0 0.069061 0.538285 0.045032 0.117596
0 0.307475 0.397969 0.033708 0.077508
