0 0.786462 0.490263 0.089015 0.177785
0 0.696012 0.542795 0.070564 0.170694
0 0.470796 0.358648 0.042685 0.092566
0 0.418459 0.502561 0.075956 0.173701
0 0.067424 0.533590 0.044205 0.128496
0 0.525075 0.397875 0.061715 0.115535
0 0.496299 0.379465 0.041214 0.080085
0 0.313288 0.414060 0.047040 0.121294
0 0.342887 0.321221 0.043797 0.091063
0 0.919037 0.603469 0.069233 0.263182
0 0.546960 0.277500 0.047169 0.142442
0 0.569900 0.437271 0.064943 0.113024
0 0.180795 0.924266 0.082236 0.151467
0 0.624774 0.291229 0.040174 0.096030
0 0.351157 0.526990 0.091811 0.368549
0 0.841177 0.756721 0.081705 0.210014
0 0.582538 0.282005 0.040720 0.109119
0 0.053297 0.491612 0.032501 0.118912
0 0.429163 0.339167 0.038766 0.061283
0 0.384300 0.444419 0.024964 0.082815
0 0.187834 0.960146 0.089091 0.079708
