0 0.775776 0.485099 0.060327 0.140345
0 0.720454 0.552897 0.061111 0.150795
0 0.421225 0.501584 0.071901 0.172925
0 0.469676 0.365302 0.043335 0.086261
0 0.618536 0.290615 0.042460 0.107690
0 0.434056 0.331331 0.035921 0.091289
0 0.350665 0.322116 0.048208 0.096351
0 0.067484 0.542785 0.044811 0.114929
0 0.537718 0.390495 0.047805 0.109486
0 0.380990 0.471410 0.045806 0.171669
0 0.883076 0.472854 0.065220 0.145401
0 0.503251 0.387930 0.042413 0.100444
0 0.258220 0.347424 0.040806 0.221858
0 0.849791 0.698333 0.091793 0.245710
0 0.130800 0.560983 0.055714 0.108272
0 0.576672 0.272654 0.034257 0.095942
0 0.316699 0.420987 0.049832 0.143228
0 0.170588 0.899399 0.083408 0.153250
0 0.551776 0.278562 0.039894 0.148818
0 0.289668 0.517073 0.069963 0.182618
