0 0.727920 0.548306 0.074139 0.153090
0 0.537593 0.393107 0.046120 0.114418
0 0.068515 0.540599 0.045999 0.122645
0 0.899513 0.480746 0.067524 0.171063
0 0.351700 0.319084 0.046482 0.102116
0 0.421049 0.502429 0.069645 0.178374
0 0.610644 0.287306 0.043470 0.106361
0 0.499495 0.387003 0.041944 0.099555
0 0.784505 0.502971 0.057634 0.095251
0 0.476863 0.359619 0.030008 0.092172
0 0.165148 0.387456 0.041068 0.246867
0 0.855612 0.701887 0.098158 0.248271
0 0.579592 0.275741 0.034452 0.094936
0 0.433397 0.321412 0.042238 0.084482
0 0.316604 0.425394 0.051447 0.144426
0 0.552332 0.276067 0.037999 0.144645
0 0.256558 0.421132 0.045220 0.156068
0 0.251504 0.341667 0.056812 0.115304
