0 0.729146 0.538334 0.061012 0.152129
0 0.436023 0.326402 0.036131 0.085444
0 0.471818 0.358151 0.045318 0.096306
0 0.539597 0.399704 0.049901 0.124860
0 0.500774 0.387510 0.037595 0.093760
0 0.309818 0.418983 0.047189 0.126792
0 0.776216 0.494479 0.066419 0.147009
0 0.433920 0.524863 0.086769 0.176494
0 0.143257 0.591673 0.076545 0.176971
0 0.920578 0.606447 0.069221 0.265784
0 0.617392 0.581832 0.076242 0.181153
0 0.549074 0.278706 0.051392 0.153159
0 0.825844 0.821996 0.116469 0.344505
0 0.637993 0.449324 0.084611 0.334941
0 0.585951 0.419304 0.064042 0.144887
0 0.068965 0.539053 0.042675 0.118263
0 0.059261 0.515736 0.052147 0.169128
0 0.166709 0.906077 0.093043 0.152233
0 0.173584 0.951147 0.053049 0.097706
0 0.590817 0.466657 0.078624 0.240530
0 0.381198 0.475990 0.043234 0.164284
0 0.053582 0.487916 0.034753 0.112517
