0 0.723249 0.557754 0.077989 0.141884
0 0.613908 0.289499 0.043594 0.111254
0 0.898651 0.481430 0.056098 0.159566
0 0.782063 0.499978 0.067774 0.107129
0 0.069093 0.539557 0.044524 0.127064
0 0.417269 0.502721 0.078475 0.181750
0 0.539364 0.400109 0.045857 0.132370
0 0.351484 0.321322 0.045588 0.099222
0 0.589988 0.487134 0.064370 0.263366
0 0.816782 0.811819 0.115222 0.343146
0 0.495397 0.393811 0.041581 0.088395
0 0.579910 0.278856 0.036067 0.102830
0 0.436698 0.324413 0.047887 0.090605
0 0.470140 0.357421 0.026510 0.098221
0 0.319504 0.425243 0.056899 0.151722
0 0.551379 0.276582 0.040212 0.146396
0 0.452572 0.258990 0.029763 0.163066
0 0.591007 0.426984 0.059337 0.142835
0 0.273348 0.356640 0.044181 0.190378
0 0.128131 0.567323 0.052114 0.115047
