0 0.470282 0.358322 0.043690 0.094630
0 0.541189 0.394337 0.044290 0.115208
0 0.777288 0.500896 0.072337 0.159922
0 0.441614 0.518445 0.076141 0.193322
0 0.631703 0.604778 0.095944 0.199301
0 0.912817 0.618253 0.065637 0.273303
0 0.316859 0.414220 0.053635 0.119452
0 0.071033 0.537997 0.044898 0.121623
0 0.436662 0.323580 0.041806 0.092378
0 0.502511 0.387612 0.037128 0.097416
0 0.344445 0.297167 0.056210 0.154322
0 0.377209 0.477277 0.046558 0.161026
0 0.054631 0.493212 0.035914 0.124368
0 0.569801 0.438097 0.064517 0.110145
0 0.250576 0.483923 0.057363 0.297475
0 0.828059 0.826766 0.124337 0.346469
0 0.129973 0.580744 0.058768 0.143634
0 0.539226 0.274758 0.031221 0.136919
