0 0.773376 0.488056 0.058240 0.125744
0 0.351944 0.321407 0.045915 0.108124
0 0.719764 0.549955 0.060676 0.153502
0 0.419592 0.503732 0.072573 0.173613
0 0.067116 0.543267 0.043553 0.115872
0 0.618851 0.286397 0.044393 0.114659
0 0.470295 0.366578 0.037565 0.073285
0 0.537786 0.390887 0.045569 0.109045
0 0.907674 0.633249 0.073093 0.260144
0 0.434201 0.320229 0.040730 0.085138
0 0.848483 0.701388 0.090888 0.245053
0 0.317749 0.425504 0.052152 0.148710
0 0.503630 0.388093 0.042149 0.099594
0 0.551393 0.277023 0.039248 0.147870
0 0.371538 0.483053 0.056377 0.162768
0 0.581378 0.278528 0.037700 0.101747
0 0.260298 0.516239 0.066080 0.212514
0 0.131135 0.559053 0.056691 0.111631
0 0.152656 0.403155 0.044940 0.247528
