0 0.751526 0.497190 0.078227 0.195031
0 0.470885 0.359643 0.038559 0.091006
0 0.380277 0.479715 0.045977 0.156226
0 0.349973 0.323714 0.047819 0.098553
0 0.538199 0.392331 0.049913 0.112555
0 0.631847 0.606443 0.095861 0.199573
0 0.431544 0.516994 0.082425 0.192987
0 0.621790 0.294807 0.040487 0.108983
0 0.070305 0.536274 0.044693 0.121952
0 0.919212 0.606862 0.069005 0.270120
0 0.499103 0.393557 0.036873 0.088983
0 0.318339 0.415006 0.041190 0.115347
0 0.827755 0.827994 0.123404 0.338665
0 0.570487 0.439601 0.065616 0.106837
0 0.422113 0.327264 0.037781 0.080383
0 0.055178 0.494347 0.037265 0.126710
0 0.284366 0.324911 0.025454 0.150823
0 0.138448 0.591273 0.081782 0.174130
0 0.548949 0.274208 0.051449 0.142230
0 0.157290 0.921238 0.073849 0.152933
0 0.191116 0.963139 0.078835 0.073721
0 0.580965 0.270609 0.035461 0.091148
