0 0.346920 0.323835 0.046093 0.107035
0 0.539779 0.391831 0.046365 0.115042
0 0.473530 0.360460 0.042678 0.093584
0 0.775437 0.499159 0.119170 0.180205
0 0.621739 0.294536 0.041867 0.109427
0 0.379373 0.478524 0.044880 0.158439
0 0.069537 0.536088 0.043872 0.121450
0 0.149497 0.593133 0.067489 0.171435
0 0.631660 0.605126 0.094565 0.197976
0 0.431072 0.513102 0.080423 0.193965
0 0.828278 0.827959 0.123006 0.340051
0 0.505744 0.389744 0.029355 0.095102
0 0.916623 0.604696 0.064890 0.261717
0 0.549064 0.274812 0.051856 0.140117
0 0.422197 0.330195 0.042247 0.081871
0 0.317307 0.413635 0.045785 0.117127
0 0.570427 0.441106 0.066234 0.102912
0 0.055097 0.494307 0.036720 0.125506
0 0.292059 0.318164 0.030294 0.164159
0 0.192157 0.964241 0.075915 0.071518
