0 0.619953 0.599807 0.087006 0.209748
0 0.777499 0.491524 0.109245 0.171747
0 0.316077 0.414967 0.051065 0.118086
0 0.698416 0.555533 0.082473 0.168378
0 0.348571 0.323473 0.047373 0.101308
0 0.067857 0.537612 0.042729 0.122053
0 0.473610 0.360852 0.039203 0.089839
0 0.427605 0.505798 0.070100 0.182086
0 0.381485 0.480141 0.041061 0.153873
0 0.857696 0.652069 0.111035 0.218003
0 0.618596 0.289249 0.043289 0.104956
0 0.844711 0.761397 0.085831 0.211216
0 0.540381 0.394284 0.051345 0.110654
0 0.502712 0.385800 0.036444 0.096026
0 0.427814 0.328093 0.029423 0.080436
0 0.547972 0.275938 0.050104 0.140605
0 0.569657 0.440664 0.064523 0.104519
0 0.581107 0.278853 0.035897 0.102290
0 0.038643 0.522467 0.036804 0.162335
0 0.140256 0.615131 0.087386 0.227588
0 0.133441 0.568614 0.068416 0.131861
