0 0.791482 0.481773 0.082380 0.145872
0 0.723109 0.555718 0.079634 0.145315
0 0.068932 0.538765 0.043994 0.122636
0 0.417760 0.503888 0.078142 0.181134
0 0.540480 0.399129 0.046885 0.131693
0 0.435046 0.328731 0.044681 0.068768
0 0.899699 0.484824 0.060134 0.170341
0 0.476411 0.352981 0.046430 0.104518
0 0.350494 0.322665 0.046963 0.105175
0 0.612313 0.294405 0.045646 0.111610
0 0.180147 0.878515 0.083994 0.150664
0 0.816490 0.812861 0.114115 0.349254
0 0.129179 0.556807 0.052580 0.103270
0 0.591558 0.420228 0.058343 0.149107
0 0.198610 0.955201 0.074000 0.089598
0 0.558616 0.299075 0.044817 0.185123
0 0.293283 0.353714 0.032019 0.076972
0 0.313127 0.408952 0.070260 0.185040
0 0.589158 0.486209 0.065320 0.276601
