0 0.787452 0.490562 0.091848 0.177517
0 0.703115 0.544110 0.079244 0.172232
0 0.345817 0.325302 0.044901 0.105861
0 0.316415 0.412762 0.050770 0.122928
0 0.472643 0.354971 0.038047 0.096046
0 0.423790 0.503715 0.071312 0.180019
0 0.918013 0.607059 0.076010 0.270570
0 0.376792 0.478522 0.038984 0.161820
0 0.179438 0.924784 0.085131 0.150432
0 0.547099 0.276429 0.047889 0.141901
0 0.497531 0.384610 0.042196 0.091721
0 0.624884 0.290304 0.040946 0.093023
0 0.427002 0.338823 0.045958 0.087665
0 0.065767 0.535626 0.042527 0.125142
0 0.573486 0.438589 0.063667 0.110397
0 0.543923 0.561921 0.075436 0.367677
0 0.523659 0.392937 0.054495 0.104969
0 0.840961 0.762620 0.086097 0.212374
0 0.580156 0.280073 0.038964 0.117230
0 0.053498 0.488178 0.032208 0.109996
0 0.129881 0.562887 0.062281 0.110291
0 0.826671 0.825772 0.119260 0.342480
