0 0.722437 0.555780 0.065384 0.145162
0 0.784586 0.495916 0.065188 0.107142
0 0.472215 0.365691 0.037067 0.085883
0 0.890662 0.477653 0.061321 0.163975
0 0.423233 0.502056 0.075312 0.173135
0 0.437969 0.330398 0.032911 0.094384
0 0.537723 0.391211 0.047435 0.111886
0 0.617321 0.290464 0.041812 0.108823
0 0.354197 0.318189 0.047105 0.097911
0 0.067039 0.543862 0.043523 0.115907
0 0.849484 0.698987 0.091319 0.249707
0 0.503508 0.388009 0.041688 0.099907
0 0.381502 0.466748 0.045281 0.165989
0 0.296942 0.494877 0.067271 0.214048
0 0.173464 0.898236 0.086269 0.164089
0 0.131017 0.561044 0.054983 0.108130
0 0.551771 0.277325 0.038543 0.149200
0 0.245784 0.369207 0.035660 0.261376
0 0.581396 0.276278 0.037923 0.096182
0 0.313611 0.390147 0.044137 0.077619
0 0.316863 0.422094 0.051359 0.143825
