0 0.785927 0.491231 0.089382 0.175204
0 0.527551 0.391780 0.063110 0.119015
0 0.419216 0.503731 0.073462 0.173356
0 0.474416 0.357136 0.040564 0.091768
0 0.316855 0.414064 0.051979 0.117450
0 0.909289 0.610636 0.074651 0.270930
0 0.496548 0.379271 0.043086 0.079873
0 0.631738 0.587598 0.072760 0.210952
0 0.687936 0.556616 0.070356 0.165118
0 0.351240 0.321349 0.051165 0.102827
0 0.375713 0.477928 0.039415 0.159093
0 0.547750 0.276751 0.046076 0.142817
0 0.067468 0.536706 0.042351 0.121697
0 0.570380 0.436840 0.066730 0.113744
0 0.625064 0.291725 0.040225 0.097886
0 0.174498 0.911938 0.097437 0.164685
0 0.842391 0.756997 0.080891 0.211424
0 0.582613 0.281829 0.040912 0.107260
0 0.189787 0.955601 0.091463 0.088799
0 0.426859 0.345727 0.040710 0.069265
0 0.053644 0.494218 0.034305 0.123294
