0 0.316450 0.413277 0.050773 0.121796
0 0.787258 0.489476 0.088685 0.175471
0 0.347777 0.323450 0.047411 0.101367
0 0.525641 0.396452 0.062963 0.119148
0 0.920958 0.600047 0.069760 0.255167
0 0.423464 0.503954 0.069324 0.178621
0 0.378420 0.479628 0.040557 0.158340
0 0.065966 0.535378 0.047394 0.126435
0 0.467110 0.356166 0.025881 0.097362
0 0.570499 0.437175 0.066626 0.112186
0 0.708587 0.541766 0.078547 0.163364
0 0.653962 0.567164 0.093239 0.196062
0 0.572813 0.275956 0.035748 0.101137
0 0.489758 0.375464 0.033637 0.088152
0 0.426514 0.333343 0.034606 0.068193
0 0.547064 0.276096 0.048039 0.141159
0 0.842155 0.763292 0.085003 0.208611
0 0.607695 0.291968 0.047282 0.113334
0 0.128678 0.565084 0.062898 0.110785
0 0.054448 0.486314 0.033804 0.108659
0 0.164531 0.854436 0.099546 0.188490
0 0.826483 0.827049 0.118551 0.341657
