0 0.707770 0.547939 0.062889 0.159371
0 0.788477 0.489572 0.087809 0.165539
0 0.417432 0.503747 0.071444 0.171142
0 0.614838 0.285567 0.045313 0.115483
0 0.315134 0.413050 0.049255 0.122586
0 0.474626 0.355153 0.050058 0.101924
0 0.346962 0.324577 0.047893 0.102783
0 0.891681 0.632099 0.080353 0.270791
0 0.505495 0.387705 0.038510 0.100432
0 0.433276 0.332022 0.041458 0.075423
0 0.916031 0.490554 0.048126 0.141580
0 0.820312 0.824618 0.116653 0.336782
0 0.174300 0.911991 0.089568 0.162541
0 0.577275 0.276678 0.035098 0.103397
0 0.178882 0.958078 0.091163 0.083844
0 0.373308 0.469243 0.043134 0.148024
0 0.558855 0.381168 0.042192 0.111943
0 0.059378 0.516632 0.053849 0.168674
0 0.128016 0.563228 0.057541 0.106120
0 0.545156 0.259739 0.029537 0.115568
0 0.569496 0.445195 0.066805 0.097163
