0 0.787808 0.491495 0.093206 0.179491
0 0.473733 0.359651 0.042538 0.096555
0 0.500140 0.380850 0.037893 0.088589
0 0.348315 0.325270 0.047268 0.103711
0 0.631112 0.601691 0.102521 0.212662
0 0.315926 0.413824 0.052058 0.120726
0 0.698016 0.553821 0.068031 0.180666
0 0.909084 0.645284 0.064704 0.253982
0 0.380122 0.477799 0.044644 0.159270
0 0.526325 0.395525 0.064942 0.120866
0 0.423571 0.504566 0.070671 0.177699
0 0.171450 0.892181 0.101039 0.210595
0 0.069234 0.534281 0.048068 0.125508
0 0.425053 0.330375 0.035669 0.081957
0 0.570503 0.436435 0.065842 0.114708
0 0.575598 0.275498 0.031060 0.096664
0 0.546939 0.276970 0.047891 0.142959
0 0.841830 0.763714 0.081131 0.209373
0 0.180167 0.957522 0.093615 0.084956
0 0.054174 0.491881 0.033971 0.120071
0 0.609572 0.292346 0.045572 0.111399
