0 0.786947 0.490014 0.091016 0.176216
0 0.618973 0.599438 0.087410 0.214375
0 0.698487 0.555051 0.082249 0.167303
0 0.473324 0.361096 0.037095 0.092454
0 0.349485 0.323239 0.049480 0.099361
0 0.316318 0.413839 0.052702 0.119588
0 0.858347 0.657954 0.120302 0.228053
0 0.380316 0.481483 0.044385 0.156621
0 0.425214 0.506613 0.071973 0.179359
0 0.542757 0.390769 0.047514 0.107048
0 0.548059 0.277016 0.049198 0.142092
0 0.844782 0.761203 0.086642 0.212913
0 0.506093 0.384290 0.031572 0.097749
0 0.624857 0.292691 0.040703 0.098428
0 0.421434 0.329356 0.042241 0.083366
0 0.569972 0.437369 0.063353 0.111857
0 0.143933 0.613824 0.092125 0.228973
0 0.037643 0.522266 0.033965 0.163826
0 0.583534 0.281152 0.038984 0.108127
0 0.068209 0.534500 0.046658 0.125493
