0 0.786432 0.490134 0.089432 0.177983
0 0.424144 0.505347 0.082904 0.180734
0 0.697118 0.542514 0.071372 0.170938
0 0.470712 0.353934 0.037737 0.095516
0 0.344009 0.324124 0.045079 0.102754
0 0.315278 0.412735 0.051841 0.124019
0 0.525946 0.398009 0.062716 0.117129
0 0.547230 0.278116 0.047477 0.144397
0 0.498606 0.379896 0.035627 0.077632
0 0.919561 0.606434 0.070419 0.262908
0 0.179421 0.924388 0.085905 0.151225
0 0.376680 0.478047 0.036032 0.161120
0 0.262419 0.459949 0.056524 0.326738
0 0.570080 0.437075 0.065150 0.112959
0 0.625185 0.290561 0.040179 0.095022
0 0.581326 0.282124 0.038297 0.108400
0 0.064031 0.515471 0.056994 0.167044
0 0.432070 0.337902 0.034815 0.078205
0 0.841993 0.763478 0.086103 0.209377
0 0.129084 0.564859 0.062090 0.115804
0 0.827498 0.824105 0.119290 0.331410
0 0.184639 0.960593 0.088289 0.078815
