0 0.710461 0.542039 0.062743 0.170255
0 0.472453 0.356682 0.044996 0.096770
0 0.442015 0.514980 0.068918 0.198707
0 0.909279 0.611983 0.078645 0.271339
0 0.539374 0.400547 0.042172 0.127783
0 0.502336 0.388619 0.037065 0.095672
0 0.776132 0.501490 0.069718 0.157649
0 0.437429 0.327498 0.046726 0.092814
0 0.312071 0.418493 0.044713 0.126437
0 0.376327 0.477957 0.040142 0.158749
0 0.618872 0.601111 0.068223 0.218756
0 0.143069 0.591779 0.076935 0.177961
0 0.687006 0.448725 0.054375 0.307413
0 0.168235 0.905232 0.099330 0.168442
0 0.588025 0.483572 0.064943 0.281550
0 0.060018 0.515904 0.052723 0.168192
0 0.549118 0.275380 0.050726 0.147943
0 0.169923 0.951523 0.050454 0.096954
0 0.830168 0.825258 0.126960 0.336786
0 0.068236 0.538675 0.039179 0.118839
0 0.586598 0.417775 0.060923 0.147698
0 0.053719 0.490141 0.035646 0.115530
