0 0.469795 0.358852 0.043782 0.093278
0 0.539720 0.394603 0.048553 0.118328
0 0.442090 0.518245 0.075703 0.194274
0 0.776467 0.506416 0.075909 0.146915
0 0.338369 0.298503 0.057969 0.162068
0 0.632057 0.606568 0.098053 0.198693
0 0.433728 0.323136 0.046293 0.089669
0 0.828067 0.825058 0.121349 0.340121
0 0.923179 0.624095 0.069373 0.277777
0 0.317309 0.413214 0.051445 0.121354
0 0.377169 0.477897 0.042063 0.157570
0 0.502982 0.389732 0.036290 0.094008
0 0.113378 0.614768 0.074329 0.219213
0 0.569598 0.439683 0.064185 0.106635
0 0.070273 0.537694 0.045140 0.122960
0 0.060124 0.516152 0.053766 0.169810
0 0.538938 0.274015 0.031704 0.140250
0 0.055190 0.487938 0.036309 0.111118
0 0.275231 0.348839 0.040751 0.204267
