0 0.775323 0.499761 0.118277 0.179433
0 0.473619 0.360668 0.042000 0.094928
0 0.379235 0.478840 0.043684 0.158361
0 0.614361 0.597956 0.102915 0.215715
0 0.916838 0.611304 0.070160 0.264605
0 0.315902 0.413994 0.054385 0.122276
0 0.430148 0.511060 0.077985 0.195887
0 0.350447 0.324609 0.051783 0.099508
0 0.621496 0.294405 0.041784 0.107777
0 0.828783 0.828108 0.123731 0.341012
0 0.062078 0.515882 0.054914 0.170573
0 0.257182 0.403771 0.047377 0.261226
0 0.428716 0.328657 0.028951 0.081670
0 0.570084 0.436952 0.064988 0.112310
0 0.507870 0.389385 0.026602 0.093691
0 0.549693 0.275575 0.052237 0.139258
0 0.548062 0.383326 0.055319 0.112949
0 0.132712 0.569445 0.070725 0.132389
0 0.139689 0.615123 0.087145 0.226470
0 0.158020 0.923377 0.073643 0.143541
0 0.188031 0.967416 0.077175 0.065168
