0 0.706467 0.541297 0.066022 0.177954
0 0.539886 0.401016 0.046991 0.127502
0 0.443334 0.517416 0.075033 0.194708
0 0.781301 0.499833 0.080740 0.160094
0 0.501516 0.387247 0.037992 0.097012
0 0.472269 0.358087 0.045426 0.096034
0 0.906489 0.624264 0.065031 0.268611
0 0.069526 0.537407 0.043497 0.119943
0 0.310343 0.418350 0.044320 0.126589
0 0.805403 0.427198 0.078474 0.183622
0 0.616046 0.599903 0.073380 0.224264
0 0.375779 0.477843 0.040550 0.159079
0 0.437646 0.323348 0.037451 0.083567
0 0.165922 0.908053 0.095455 0.163755
0 0.143162 0.592231 0.077158 0.178557
0 0.587362 0.417883 0.056510 0.153026
0 0.827349 0.823238 0.122281 0.333686
0 0.166670 0.951487 0.055440 0.097025
0 0.053963 0.487114 0.035899 0.110338
0 0.548340 0.277825 0.050460 0.145267
0 0.058194 0.515546 0.049655 0.167891
