0 0.889684 0.488734 0.057760 0.145958
0 0.067514 0.541452 0.044652 0.121227
0 0.473068 0.367884 0.035984 0.082568
0 0.419458 0.502769 0.072089 0.173598
0 0.353919 0.320471 0.048168 0.095826
0 0.618488 0.288800 0.047492 0.106706
0 0.536634 0.393635 0.051372 0.104093
0 0.727131 0.548759 0.074098 0.152295
0 0.379619 0.471006 0.044449 0.150208
0 0.853536 0.700593 0.093312 0.246069
0 0.504326 0.390124 0.035926 0.095668
0 0.435930 0.324634 0.042436 0.079504
0 0.784454 0.503512 0.058884 0.090236
0 0.315748 0.427402 0.054127 0.145664
0 0.160340 0.381354 0.035150 0.231342
0 0.551356 0.274646 0.040796 0.145840
0 0.579398 0.273234 0.034097 0.095298
0 0.121687 0.591542 0.045968 0.153099
