0 0.726219 0.546728 0.081707 0.162385
0 0.316538 0.413727 0.051470 0.120058
0 0.469365 0.354936 0.040685 0.097133
0 0.615152 0.284287 0.044284 0.111507
0 0.420738 0.504119 0.072968 0.172718
0 0.349626 0.323054 0.047344 0.107779
0 0.775576 0.497611 0.072132 0.114601
0 0.178520 0.881245 0.084214 0.169657
0 0.678484 0.324699 0.061414 0.260902
0 0.506408 0.385902 0.034337 0.093680
0 0.579597 0.278346 0.035370 0.101499
0 0.554413 0.390342 0.065280 0.126286
0 0.068065 0.539783 0.044620 0.117572
0 0.379024 0.479308 0.044749 0.154210
0 0.189125 0.959000 0.082648 0.082001
0 0.551574 0.273380 0.038022 0.138833
0 0.882325 0.631371 0.068267 0.217025
0 0.569410 0.445152 0.064366 0.096470
0 0.128923 0.563429 0.054519 0.110917
0 0.834685 0.665359 0.135172 0.274997
0 0.054131 0.490228 0.028745 0.123475
0 0.825068 0.731808 0.114898 0.147582
