0 0.792229 0.479825 0.081343 0.151610
0 0.723188 0.550696 0.077460 0.155660
0 0.891922 0.481434 0.059290 0.149770
0 0.504967 0.383654 0.036250 0.093844
0 0.612684 0.290621 0.044198 0.111426
0 0.069439 0.539500 0.044622 0.120134
0 0.534284 0.397904 0.054875 0.137235
0 0.353812 0.318626 0.047941 0.099287
0 0.439333 0.324703 0.029129 0.093909
0 0.816803 0.815039 0.114636 0.351669
0 0.130484 0.557225 0.053059 0.103964
0 0.463122 0.356370 0.028953 0.100652
0 0.088468 0.371942 0.027147 0.163025
0 0.576042 0.274551 0.034071 0.100964
0 0.590767 0.423501 0.060039 0.153301
0 0.417137 0.520710 0.079338 0.179115
0 0.170817 0.872065 0.080161 0.145433
0 0.292070 0.354646 0.032049 0.084646
0 0.312298 0.407961 0.071714 0.189612
0 0.548311 0.276653 0.046021 0.150116
