0 0.468889 0.360047 0.039821 0.095829
0 0.068760 0.539819 0.044866 0.120646
0 0.614279 0.289760 0.043132 0.111131
0 0.539233 0.393576 0.044333 0.118407
0 0.351406 0.320754 0.046574 0.106362
0 0.497959 0.389335 0.036703 0.097509
0 0.896634 0.475755 0.063134 0.171367
0 0.782733 0.507446 0.065125 0.097535
0 0.420856 0.503023 0.069539 0.179628
0 0.721245 0.556118 0.076906 0.144349
0 0.855101 0.698835 0.097438 0.249719
0 0.274305 0.357086 0.031632 0.077593
0 0.435476 0.328298 0.040031 0.099842
0 0.580398 0.276814 0.036141 0.097139
0 0.552063 0.275345 0.037646 0.143762
0 0.317948 0.423819 0.055422 0.151179
0 0.278759 0.297035 0.043375 0.146436
0 0.257272 0.427333 0.042698 0.165371
