0 0.787589 0.489999 0.092404 0.177156
0 0.621998 0.598575 0.090057 0.219958
0 0.316067 0.413920 0.051578 0.120773
0 0.348419 0.323713 0.049923 0.099395
0 0.692073 0.547548 0.071018 0.165973
0 0.430430 0.513059 0.076561 0.195139
0 0.380102 0.480733 0.045872 0.156751
0 0.424898 0.329053 0.035468 0.079518
0 0.843553 0.758671 0.084017 0.216161
0 0.625069 0.291658 0.041077 0.097658
0 0.583035 0.280886 0.039315 0.106870
0 0.568849 0.448089 0.064577 0.091064
0 0.547894 0.270592 0.048717 0.130073
0 0.067661 0.534481 0.044381 0.126997
0 0.144926 0.615135 0.092200 0.230165
0 0.555744 0.380727 0.041616 0.106986
0 0.853480 0.657287 0.137756 0.233383
0 0.469092 0.346690 0.025281 0.062864
0 0.903373 0.670993 0.058863 0.233758
0 0.053821 0.488090 0.033322 0.114807
0 0.176094 0.926313 0.101942 0.147374
