0 0.068471 0.536367 0.043757 0.122686
0 0.786187 0.489803 0.090789 0.174263
0 0.418292 0.502709 0.073266 0.172686
0 0.908589 0.611607 0.071183 0.264572
0 0.350800 0.322746 0.048906 0.097581
0 0.473746 0.357378 0.038403 0.087422
0 0.500093 0.388116 0.039773 0.096662
0 0.634750 0.586267 0.076731 0.212390
0 0.624521 0.295927 0.040060 0.110386
0 0.315708 0.415127 0.051444 0.118602
0 0.547306 0.277732 0.048659 0.143767
0 0.693966 0.547632 0.072295 0.178644
0 0.373946 0.473647 0.041070 0.155780
0 0.569774 0.441233 0.064436 0.104295
0 0.842783 0.758141 0.082083 0.208622
0 0.179486 0.914694 0.085647 0.159839
0 0.538156 0.397943 0.045866 0.108752
0 0.427145 0.344177 0.039998 0.066945
0 0.052822 0.494126 0.032771 0.122955
0 0.184081 0.960678 0.082075 0.078645
0 0.582653 0.281034 0.040455 0.107329
0 0.124514 0.578302 0.053494 0.151631
