0 0.704334 0.540338 0.068929 0.179020
0 0.500569 0.387517 0.039014 0.098192
0 0.472227 0.357508 0.044924 0.095180
0 0.837403 0.423754 0.091451 0.209798
0 0.774701 0.499525 0.067181 0.162620
0 0.896274 0.643839 0.070413 0.266163
0 0.538890 0.402134 0.048982 0.124848
0 0.442126 0.518866 0.075551 0.196654
0 0.435231 0.323322 0.045770 0.080083
0 0.614532 0.599725 0.074021 0.225822
0 0.310629 0.418573 0.041844 0.125813
0 0.376177 0.477036 0.042662 0.159975
0 0.143087 0.591681 0.076839 0.177575
0 0.166592 0.905746 0.096041 0.164926
0 0.826313 0.821273 0.120055 0.334149
0 0.061196 0.516442 0.054585 0.167990
0 0.549301 0.277015 0.051517 0.152735
0 0.600613 0.421690 0.076576 0.156818
0 0.177156 0.951876 0.060577 0.096248
