0 0.725955 0.546919 0.082174 0.158675
0 0.768338 0.488288 0.059419 0.129430
0 0.468629 0.356122 0.040341 0.098543
0 0.347649 0.324006 0.047546 0.107153
0 0.421456 0.504038 0.073688 0.172936
0 0.615232 0.285400 0.044007 0.114631
0 0.068021 0.539545 0.044942 0.119045
0 0.316000 0.413906 0.051281 0.120755
0 0.747798 0.373013 0.050729 0.245919
0 0.506879 0.385744 0.034497 0.094568
0 0.554329 0.390050 0.064467 0.125497
0 0.378290 0.479511 0.044414 0.154018
0 0.178821 0.881667 0.085085 0.168280
0 0.188317 0.959611 0.084427 0.080778
0 0.852123 0.660173 0.135930 0.217484
0 0.435127 0.335142 0.044409 0.082940
0 0.053151 0.485017 0.030451 0.113495
0 0.578778 0.272821 0.032096 0.095048
0 0.549311 0.262425 0.034064 0.118169
0 0.128545 0.563466 0.055368 0.111903
0 0.569790 0.444005 0.065924 0.099555
