0 0.774633 0.498765 0.118771 0.180358
0 0.472521 0.358837 0.043948 0.095034
0 0.624296 0.597263 0.083294 0.215405
0 0.317069 0.413169 0.052620 0.119040
0 0.918226 0.605752 0.067253 0.255475
0 0.351435 0.319318 0.050634 0.106901
0 0.548623 0.382225 0.052661 0.112368
0 0.507641 0.390891 0.026777 0.095184
0 0.828856 0.826360 0.122209 0.337089
0 0.428349 0.328657 0.030185 0.081496
0 0.621132 0.293861 0.040371 0.106815
0 0.059669 0.517240 0.049836 0.163575
0 0.570552 0.435695 0.064476 0.114932
0 0.549697 0.272713 0.050912 0.134924
0 0.430277 0.505174 0.067990 0.181435
0 0.369405 0.591120 0.065932 0.395938
0 0.133043 0.568530 0.070313 0.132006
0 0.140027 0.613452 0.088716 0.225046
0 0.580810 0.275927 0.036126 0.102534
0 0.068297 0.539663 0.036124 0.115512
