0 0.706074 0.538782 0.056822 0.174737
0 0.787566 0.493268 0.092971 0.164293
0 0.418162 0.502285 0.072987 0.172854
0 0.477626 0.356192 0.043767 0.102157
0 0.316295 0.412915 0.051285 0.123373
0 0.062179 0.517062 0.059189 0.167176
0 0.349910 0.323485 0.049295 0.103283
0 0.616744 0.285586 0.047140 0.118024
0 0.505673 0.386180 0.037455 0.100806
0 0.579579 0.278286 0.034575 0.103344
0 0.905727 0.619682 0.073726 0.274268
0 0.430614 0.338466 0.049132 0.083374
0 0.372638 0.473677 0.043970 0.158463
0 0.173022 0.913745 0.089789 0.163689
0 0.560345 0.386763 0.033449 0.078319
0 0.182672 0.956785 0.100326 0.086430
0 0.820105 0.818340 0.114345 0.335963
0 0.550126 0.270455 0.037973 0.136329
0 0.906692 0.483097 0.035536 0.104951
0 0.130690 0.564540 0.056939 0.114665
0 0.570729 0.446735 0.067671 0.092198
