0 0.547593 0.389824 0.050184 0.130270
0 0.728044 0.547194 0.079603 0.160846
0 0.618196 0.286471 0.044833 0.118146
0 0.422566 0.503296 0.071361 0.175854
0 0.777002 0.502533 0.061593 0.095831
0 0.505328 0.387549 0.036892 0.097199
0 0.912949 0.614719 0.067430 0.270073
0 0.316524 0.413705 0.052573 0.118761
0 0.351783 0.322146 0.047465 0.100964
0 0.627497 0.581753 0.050818 0.187401
0 0.553298 0.269224 0.042642 0.134762
0 0.385605 0.464421 0.044091 0.165268
0 0.189539 0.960852 0.081269 0.078297
0 0.060235 0.515635 0.058881 0.171020
0 0.173662 0.920452 0.095090 0.155681
0 0.826176 0.731647 0.116905 0.141226
0 0.068870 0.538245 0.043441 0.118896
0 0.582114 0.281541 0.040060 0.098705
0 0.454558 0.359354 0.062279 0.099452
0 0.128675 0.565489 0.054051 0.115283
0 0.568680 0.446811 0.066970 0.091142
