0 0.769158 0.482131 0.055684 0.138196
0 0.727654 0.550413 0.081037 0.159071
0 0.421066 0.503123 0.074803 0.177385
0 0.548785 0.391252 0.050606 0.125595
0 0.909762 0.617603 0.062947 0.265945
0 0.616971 0.285425 0.042666 0.117117
0 0.504913 0.389839 0.036665 0.095453
0 0.349392 0.323015 0.048428 0.101414
0 0.061096 0.515792 0.060760 0.170007
0 0.316436 0.415061 0.052013 0.117263
0 0.643118 0.529733 0.073119 0.266432
0 0.370873 0.478986 0.056105 0.161639
0 0.552156 0.270390 0.040219 0.134979
0 0.826896 0.733447 0.119168 0.141624
0 0.187818 0.960786 0.083891 0.078429
0 0.173743 0.919288 0.095459 0.158321
0 0.569742 0.440301 0.066928 0.105787
0 0.582229 0.281251 0.039274 0.099312
0 0.127586 0.564083 0.054977 0.111850
0 0.453662 0.358870 0.062809 0.096680
0 0.377096 0.443242 0.038464 0.090741
