0 0.706059 0.546625 0.062682 0.161929
0 0.788328 0.493943 0.093830 0.158438
0 0.418739 0.503480 0.073162 0.170336
0 0.476844 0.356654 0.042036 0.103880
0 0.315691 0.412683 0.049471 0.122407
0 0.504903 0.387864 0.035657 0.100109
0 0.617256 0.287239 0.045635 0.118893
0 0.349532 0.323652 0.049622 0.100218
0 0.579596 0.278435 0.034407 0.103395
0 0.900647 0.625679 0.076545 0.285625
0 0.061560 0.517668 0.057690 0.166755
0 0.432347 0.335179 0.045532 0.085676
0 0.378104 0.472465 0.043790 0.146873
0 0.174684 0.912991 0.086465 0.163342
0 0.549588 0.266301 0.036459 0.128745
0 0.909612 0.494353 0.040956 0.127096
0 0.189079 0.957870 0.090618 0.084259
0 0.143350 0.615031 0.088668 0.220819
0 0.825248 0.824388 0.122634 0.330909
0 0.552865 0.381786 0.052066 0.105500
0 0.571857 0.445834 0.068550 0.097607
