0 0.470203 0.362838 0.042015 0.094236
0 0.782366 0.477145 0.070045 0.121790
0 0.617838 0.291010 0.043524 0.109208
0 0.505530 0.386320 0.038239 0.099042
0 0.420844 0.502264 0.073281 0.174083
0 0.538696 0.391361 0.045559 0.111983
0 0.352153 0.318216 0.046750 0.103775
0 0.887032 0.491888 0.064950 0.135905
0 0.067511 0.541612 0.043881 0.117005
0 0.433744 0.334321 0.036287 0.089276
0 0.380554 0.474273 0.046753 0.166424
0 0.169848 0.391174 0.038144 0.258176
0 0.851935 0.698682 0.095045 0.248969
0 0.315797 0.426190 0.054578 0.148671
0 0.716728 0.547756 0.065633 0.159768
0 0.247403 0.474263 0.054519 0.240302
0 0.129133 0.560697 0.055589 0.104863
0 0.576584 0.274019 0.034367 0.098867
0 0.550878 0.278802 0.039855 0.152668
0 0.184059 0.920609 0.101500 0.158783
