0 0.472388 0.363377 0.035780 0.087536
0 0.753779 0.498056 0.079183 0.194429
0 0.354678 0.323421 0.045091 0.096664
0 0.916628 0.600950 0.068151 0.257787
0 0.506478 0.384822 0.029961 0.087175
0 0.630821 0.605930 0.093912 0.197986
0 0.380324 0.480039 0.046282 0.156873
0 0.429532 0.512301 0.080852 0.195176
0 0.070469 0.536943 0.043912 0.121155
0 0.536746 0.394103 0.048309 0.121985
0 0.621308 0.295062 0.040457 0.109568
0 0.316867 0.412844 0.045467 0.120315
0 0.422421 0.327397 0.036774 0.078069
0 0.549183 0.275470 0.052203 0.147834
0 0.570350 0.437588 0.067039 0.111998
0 0.826964 0.827255 0.121831 0.339436
0 0.054781 0.494165 0.036657 0.126642
0 0.282684 0.324947 0.026271 0.152278
0 0.131497 0.584156 0.067077 0.155494
