0 0.784597 0.475142 0.082538 0.147467
0 0.722660 0.557096 0.077046 0.145578
0 0.417485 0.503165 0.078994 0.180169
0 0.904487 0.477176 0.057320 0.173791
0 0.592201 0.487623 0.068732 0.259051
0 0.472294 0.354506 0.038581 0.087952
0 0.069495 0.538792 0.045791 0.124429
0 0.431387 0.325388 0.039127 0.084862
0 0.540004 0.399487 0.045050 0.134244
0 0.612555 0.290386 0.043744 0.109819
0 0.350795 0.321934 0.047926 0.098874
0 0.816728 0.810947 0.114628 0.343219
0 0.529010 0.298102 0.078465 0.175008
0 0.577820 0.278713 0.032531 0.103259
0 0.495924 0.395062 0.040946 0.087293
0 0.130605 0.558205 0.052220 0.100853
0 0.310682 0.409654 0.071310 0.185573
0 0.548190 0.230079 0.019142 0.056989
0 0.292035 0.356591 0.035275 0.080750
0 0.187974 0.920917 0.096174 0.158166
