0 0.722497 0.560438 0.076043 0.138327
0 0.068609 0.540560 0.044553 0.122480
0 0.613542 0.289224 0.043214 0.110895
0 0.539389 0.400515 0.046285 0.133139
0 0.895387 0.478086 0.057500 0.158635
0 0.351703 0.321721 0.046806 0.104799
0 0.247963 0.417971 0.060738 0.172216
0 0.816695 0.813270 0.115418 0.345003
0 0.419738 0.502144 0.071374 0.182689
0 0.495620 0.390451 0.039847 0.094997
0 0.579788 0.279501 0.035604 0.103136
0 0.465743 0.358256 0.033361 0.097139
0 0.591364 0.423657 0.056140 0.141253
0 0.435182 0.324526 0.041875 0.091160
0 0.782797 0.511906 0.069325 0.088227
0 0.403592 0.259858 0.028427 0.163051
0 0.319236 0.425525 0.055757 0.153201
0 0.551323 0.276085 0.040103 0.145060
0 0.271483 0.346276 0.044818 0.154881
0 0.589286 0.488538 0.060571 0.268934
