0 0.787867 0.490846 0.093024 0.179427
0 0.692812 0.548443 0.079277 0.186874
0 0.348895 0.323748 0.047641 0.097676
0 0.315400 0.413953 0.052068 0.121277
0 0.627750 0.598427 0.100156 0.223598
0 0.424609 0.329214 0.035327 0.079968
0 0.380052 0.479727 0.042555 0.157288
0 0.431233 0.511678 0.086048 0.190344
0 0.067792 0.534292 0.045316 0.125273
0 0.625111 0.292249 0.040160 0.098618
0 0.569246 0.438132 0.064948 0.110343
0 0.504736 0.386882 0.031925 0.098177
0 0.572951 0.277417 0.038092 0.108032
0 0.560627 0.383344 0.029764 0.088732
0 0.470453 0.352600 0.030773 0.077820
0 0.855685 0.655345 0.105746 0.268480
0 0.546672 0.275332 0.047284 0.139932
0 0.141930 0.589077 0.074953 0.175713
0 0.846866 0.754642 0.088720 0.222430
0 0.174834 0.925999 0.107538 0.148002
0 0.054556 0.490661 0.034715 0.116360
