0 0.785862 0.490510 0.092140 0.173919
0 0.418362 0.502513 0.073204 0.171559
0 0.347631 0.324221 0.046280 0.107827
0 0.707347 0.544281 0.085310 0.175620
0 0.638328 0.588084 0.084405 0.217487
0 0.502092 0.387780 0.040065 0.100934
0 0.621313 0.293121 0.040290 0.115701
0 0.314524 0.415903 0.046851 0.113898
0 0.887396 0.637665 0.069975 0.262616
0 0.474955 0.352116 0.042031 0.092203
0 0.069114 0.535680 0.043082 0.122854
0 0.546324 0.273798 0.047125 0.134338
0 0.176988 0.902406 0.088271 0.191266
0 0.185928 0.959054 0.087625 0.081893
0 0.581971 0.283024 0.040428 0.112229
0 0.370699 0.467670 0.042143 0.136656
0 0.572515 0.383259 0.038001 0.104607
0 0.426984 0.344438 0.041026 0.067430
0 0.572549 0.448207 0.060958 0.090162
0 0.840089 0.753757 0.071412 0.212221
0 0.824867 0.814999 0.111407 0.338406
0 0.127456 0.552558 0.051212 0.110920
