0 0.792208 0.480954 0.082122 0.145855
0 0.068599 0.538546 0.043808 0.124612
0 0.722583 0.555932 0.078902 0.146431
0 0.539619 0.399140 0.046011 0.132858
0 0.417692 0.502562 0.079103 0.182288
0 0.902071 0.499592 0.065568 0.143647
0 0.350121 0.323815 0.047468 0.104087
0 0.471291 0.352937 0.033704 0.092992
0 0.816539 0.813115 0.115046 0.350430
0 0.129007 0.556671 0.052246 0.102615
0 0.179822 0.879880 0.082371 0.152644
0 0.579047 0.278906 0.034631 0.105246
0 0.614691 0.293753 0.044616 0.113637
0 0.591637 0.423501 0.059532 0.151451
0 0.533780 0.297118 0.072165 0.168488
0 0.432093 0.326866 0.035559 0.072581
0 0.199161 0.955549 0.074380 0.088903
0 0.317882 0.424077 0.054007 0.148999
0 0.291611 0.352798 0.030132 0.079799
0 0.500289 0.390853 0.037403 0.090827
0 0.589154 0.487605 0.063909 0.271504
