0 0.787167 0.491720 0.091671 0.180691
0 0.346474 0.325416 0.046179 0.103145
0 0.695025 0.554290 0.069903 0.174061
0 0.473702 0.359680 0.037641 0.091073
0 0.424148 0.504616 0.070648 0.178448
0 0.499057 0.379861 0.038950 0.086151
0 0.315755 0.413945 0.051059 0.120318
0 0.379463 0.478631 0.042075 0.160187
0 0.525300 0.393868 0.064938 0.117694
0 0.914292 0.605049 0.064694 0.240572
0 0.621422 0.599955 0.079620 0.214267
0 0.068148 0.537153 0.048890 0.122863
0 0.570099 0.437729 0.065735 0.112224
0 0.546848 0.276861 0.047882 0.142608
0 0.576091 0.274429 0.030242 0.093662
0 0.150506 0.843181 0.071604 0.181817
0 0.053932 0.485001 0.033668 0.105125
0 0.841556 0.763775 0.084194 0.207079
0 0.426854 0.334008 0.033717 0.067347
0 0.825723 0.826902 0.116904 0.338723
0 0.609092 0.290995 0.046365 0.111371
