0 0.716847 0.552541 0.067487 0.149279
0 0.890669 0.496017 0.064957 0.136611
0 0.420619 0.502577 0.072797 0.173929
0 0.431891 0.332412 0.038661 0.091120
0 0.538218 0.392223 0.047520 0.111350
0 0.350027 0.320436 0.048713 0.103520
0 0.069721 0.535580 0.041045 0.126470
0 0.503768 0.390180 0.036821 0.095974
0 0.618375 0.289224 0.042560 0.106645
0 0.472257 0.365623 0.039195 0.086715
0 0.246937 0.462217 0.063523 0.215304
0 0.782251 0.508704 0.063973 0.103502
0 0.381212 0.469413 0.046878 0.170115
0 0.852380 0.698093 0.093492 0.246623
0 0.162483 0.381124 0.046757 0.237724
0 0.316822 0.426827 0.055467 0.144696
0 0.575788 0.273488 0.033032 0.096654
0 0.551322 0.277663 0.039839 0.146287
0 0.181759 0.911224 0.099537 0.175669
