0 0.782159 0.475114 0.080429 0.152745
0 0.417315 0.503273 0.071427 0.172126
0 0.347266 0.323898 0.047297 0.106877
0 0.500574 0.384900 0.039682 0.104870
0 0.655589 0.532378 0.062626 0.262602
0 0.068268 0.538054 0.040146 0.117562
0 0.621402 0.292741 0.039529 0.114636
0 0.174244 0.899789 0.092462 0.173338
0 0.315543 0.414649 0.052931 0.119118
0 0.726550 0.553618 0.082865 0.142942
0 0.185333 0.960052 0.090441 0.079896
0 0.546707 0.272954 0.046357 0.134039
0 0.473279 0.355451 0.032949 0.092412
0 0.582118 0.281242 0.040394 0.108469
0 0.373757 0.469195 0.040597 0.146339
0 0.568377 0.383072 0.043143 0.102894
0 0.428306 0.344475 0.038964 0.069745
0 0.855087 0.633049 0.121145 0.250159
0 0.571648 0.447332 0.061140 0.091229
0 0.829782 0.826510 0.124041 0.327735
0 0.058291 0.517206 0.053577 0.164959
0 0.047976 0.497937 0.029207 0.126424
