0 0.620090 0.598031 0.088627 0.214487
0 0.789138 0.485770 0.090709 0.164724
0 0.316100 0.414306 0.051951 0.120244
0 0.696312 0.552830 0.080902 0.162002
0 0.348653 0.322684 0.048352 0.099279
0 0.846027 0.761733 0.083130 0.210808
0 0.380299 0.481835 0.044815 0.156601
0 0.581849 0.278809 0.037106 0.103907
0 0.039787 0.524512 0.038636 0.158387
0 0.857535 0.652472 0.112783 0.218881
0 0.421712 0.327699 0.040980 0.080610
0 0.073226 0.532120 0.047913 0.131394
0 0.541177 0.395417 0.049479 0.108301
0 0.426656 0.513454 0.071842 0.169984
0 0.548431 0.275875 0.049838 0.140868
0 0.472804 0.362143 0.037322 0.093495
0 0.144854 0.614908 0.092799 0.231432
0 0.570154 0.442455 0.064298 0.100744
0 0.506109 0.383299 0.027365 0.099852
0 0.619950 0.301445 0.042743 0.097376
