0 0.346634 0.324764 0.045810 0.104830
0 0.416934 0.502726 0.071180 0.172022
0 0.899287 0.624075 0.080121 0.270043
0 0.475425 0.355764 0.042781 0.099527
0 0.856366 0.445966 0.042564 0.175652
0 0.617453 0.288575 0.044587 0.118750
0 0.718834 0.545812 0.066632 0.160882
0 0.178488 0.925940 0.101227 0.148119
0 0.768017 0.480054 0.064098 0.135826
0 0.502391 0.392500 0.044770 0.095254
0 0.314970 0.413127 0.050847 0.121105
0 0.819573 0.818387 0.114289 0.334098
0 0.375770 0.469133 0.041166 0.143549
0 0.580385 0.281218 0.037067 0.106758
0 0.434680 0.337122 0.046991 0.077988
0 0.571597 0.382207 0.039285 0.104098
0 0.551635 0.274434 0.038562 0.128545
0 0.060459 0.516333 0.059792 0.167290
0 0.127703 0.560143 0.054981 0.109066
0 0.571572 0.448095 0.061249 0.089441
