0 0.897158 0.493181 0.061358 0.157201
0 0.792074 0.481765 0.081523 0.147327
0 0.721928 0.552443 0.076956 0.153884
0 0.069451 0.539081 0.045633 0.121125
0 0.613815 0.291278 0.042317 0.111098
0 0.418096 0.502144 0.075049 0.177782
0 0.433699 0.326885 0.040711 0.078797
0 0.541288 0.397413 0.043949 0.135716
0 0.350251 0.322772 0.047417 0.101777
0 0.817078 0.814530 0.115000 0.352990
0 0.462773 0.358784 0.034015 0.100505
0 0.578857 0.277778 0.034942 0.102462
0 0.179638 0.881284 0.083025 0.145524
0 0.129831 0.559713 0.051392 0.096414
0 0.591978 0.424175 0.058929 0.150965
0 0.315811 0.420597 0.052344 0.143099
0 0.198731 0.954718 0.073878 0.090565
0 0.549116 0.275327 0.045880 0.149926
0 0.358549 0.539065 0.073315 0.383615
0 0.290378 0.340546 0.025693 0.103268
