0 0.785582 0.489897 0.089951 0.171915
0 0.471689 0.356149 0.037631 0.092955
0 0.418320 0.504227 0.071512 0.172721
0 0.692817 0.546717 0.069495 0.182344
0 0.502216 0.388665 0.041264 0.101188
0 0.315674 0.414967 0.049750 0.117166
0 0.349551 0.322822 0.048290 0.100574
0 0.621384 0.293084 0.040967 0.115730
0 0.637119 0.587578 0.094866 0.227872
0 0.378927 0.469384 0.042324 0.138362
0 0.546607 0.275642 0.047663 0.138614
0 0.186684 0.960145 0.084713 0.079711
0 0.581501 0.283741 0.039174 0.114210
0 0.572105 0.382387 0.037537 0.104709
0 0.067218 0.538236 0.042460 0.120226
0 0.175631 0.919769 0.090010 0.159750
0 0.427407 0.344989 0.040223 0.068815
0 0.861053 0.649712 0.108440 0.257432
0 0.571887 0.448480 0.061475 0.089912
0 0.839013 0.755555 0.073762 0.211161
