0 0.707255 0.540871 0.063843 0.174446
0 0.472298 0.358010 0.046366 0.094316
0 0.436775 0.327394 0.047544 0.097583
0 0.441629 0.514053 0.070228 0.198010
0 0.070079 0.537897 0.044506 0.119028
0 0.501102 0.387991 0.037671 0.095897
0 0.538725 0.402131 0.046286 0.130197
0 0.773187 0.499667 0.063473 0.160738
0 0.307916 0.419336 0.042533 0.126663
0 0.613612 0.600746 0.073148 0.223891
0 0.375928 0.477393 0.040523 0.158864
0 0.143100 0.591631 0.077207 0.176659
0 0.889004 0.635054 0.091716 0.269015
0 0.167274 0.910888 0.097327 0.172205
0 0.677810 0.450182 0.071602 0.312529
0 0.589244 0.476057 0.062081 0.262611
0 0.166591 0.951907 0.057010 0.096186
0 0.054475 0.488892 0.036837 0.111441
0 0.549939 0.275930 0.052624 0.149608
0 0.830566 0.829864 0.127477 0.329264
