0 0.730293 0.538627 0.060472 0.152293
0 0.539059 0.400145 0.049610 0.126159
0 0.435142 0.324244 0.039776 0.083479
0 0.465602 0.362114 0.043307 0.090681
0 0.309632 0.418169 0.046463 0.125951
0 0.779874 0.493264 0.065148 0.144450
0 0.503761 0.385904 0.031900 0.093927
0 0.185312 0.962178 0.073501 0.075644
0 0.168565 0.900598 0.101298 0.159468
0 0.920509 0.605477 0.068620 0.263678
0 0.632782 0.436115 0.097131 0.347365
0 0.145337 0.594860 0.073852 0.183704
0 0.438207 0.524426 0.077810 0.173505
0 0.548689 0.277957 0.050412 0.152749
0 0.824925 0.820225 0.113010 0.333417
0 0.060704 0.517365 0.053129 0.165980
0 0.623638 0.588683 0.072248 0.153094
0 0.585946 0.419234 0.064231 0.147836
0 0.385420 0.452769 0.049644 0.127362
