0 0.786959 0.490735 0.090539 0.178380
0 0.618725 0.598981 0.085668 0.212636
0 0.694697 0.553781 0.075568 0.173864
0 0.315693 0.414137 0.051508 0.122707
0 0.348617 0.323605 0.048996 0.101868
0 0.857055 0.656443 0.115306 0.224949
0 0.425832 0.509076 0.076029 0.176782
0 0.539295 0.388866 0.062620 0.114557
0 0.380510 0.481652 0.045344 0.155613
0 0.844482 0.761449 0.086594 0.213273
0 0.427094 0.327567 0.030251 0.079860
0 0.624724 0.291832 0.041304 0.098249
0 0.548397 0.275430 0.049866 0.138970
0 0.568593 0.445559 0.063649 0.094749
0 0.144834 0.615798 0.092024 0.230711
0 0.473860 0.361718 0.036379 0.094108
0 0.070366 0.535534 0.045131 0.122278
0 0.504358 0.383918 0.031616 0.097471
0 0.051238 0.516154 0.038431 0.169025
0 0.582788 0.280813 0.039327 0.106958
0 0.050033 0.486655 0.029770 0.108059
