0 0.418380 0.503284 0.072191 0.172117
0 0.316354 0.412978 0.051127 0.121666
0 0.504969 0.386616 0.039138 0.101370
0 0.061352 0.517284 0.058533 0.167191
0 0.797958 0.477594 0.070551 0.124596
0 0.475980 0.356234 0.046811 0.102166
0 0.616547 0.287023 0.046361 0.119786
0 0.350603 0.323604 0.049836 0.094611
0 0.579881 0.278854 0.034685 0.103535
0 0.902294 0.626712 0.076539 0.281677
0 0.740678 0.538313 0.087201 0.162328
0 0.432926 0.335964 0.042877 0.075454
0 0.376621 0.472912 0.042089 0.149554
0 0.175164 0.912137 0.086657 0.163853
0 0.187556 0.958660 0.083589 0.082681
0 0.140817 0.592262 0.076293 0.175171
0 0.558228 0.382426 0.043312 0.111194
0 0.549986 0.263747 0.036732 0.123219
0 0.818433 0.817326 0.111245 0.336376
0 0.901093 0.491055 0.091306 0.153616
0 0.570826 0.447116 0.068867 0.092009
