0 0.787159 0.491591 0.091551 0.180627
0 0.631749 0.599909 0.101221 0.220666
0 0.348501 0.324024 0.048739 0.100910
0 0.698557 0.552487 0.067270 0.181263
0 0.316245 0.413493 0.049823 0.120843
0 0.378760 0.476731 0.044520 0.161039
0 0.428324 0.510673 0.080698 0.191552
0 0.472945 0.357871 0.036022 0.086545
0 0.546642 0.279100 0.046974 0.145380
0 0.547840 0.392887 0.036119 0.078815
0 0.624944 0.291507 0.040736 0.097779
0 0.425672 0.329536 0.033286 0.079921
0 0.068208 0.533580 0.045292 0.127725
0 0.844192 0.760478 0.084058 0.213174
0 0.568955 0.442293 0.064505 0.101728
0 0.577585 0.276720 0.038477 0.108013
0 0.498425 0.384732 0.032343 0.088422
0 0.856343 0.648960 0.109526 0.214498
0 0.175951 0.926691 0.103624 0.146618
0 0.891381 0.634865 0.043742 0.166348
0 0.131842 0.580210 0.067187 0.139870
