0 0.434572 0.326338 0.040964 0.078956
0 0.901125 0.493666 0.064429 0.139229
0 0.538178 0.392362 0.045748 0.114676
0 0.067733 0.541162 0.045295 0.122313
0 0.727416 0.547923 0.074161 0.155002
0 0.470468 0.360489 0.043186 0.093359
0 0.420463 0.503864 0.069210 0.178052
0 0.352360 0.320467 0.049066 0.098430
0 0.506371 0.390704 0.035937 0.095652
0 0.620554 0.290140 0.040161 0.111879
0 0.855553 0.700584 0.097071 0.245833
0 0.785507 0.506380 0.057650 0.086360
0 0.147573 0.374411 0.042223 0.216095
0 0.552022 0.276371 0.037636 0.145738
0 0.315198 0.427453 0.061539 0.149375
0 0.580363 0.278134 0.038476 0.100266
0 0.221167 0.445040 0.067076 0.287672
0 0.123972 0.587286 0.048456 0.158663
