0 0.471640 0.357803 0.045063 0.095978
0 0.436195 0.325934 0.036133 0.084460
0 0.539523 0.400067 0.050308 0.128358
0 0.500383 0.387053 0.038919 0.096438
0 0.726328 0.543344 0.058033 0.143896
0 0.777168 0.495625 0.069687 0.150517
0 0.309146 0.417768 0.048967 0.127374
0 0.615224 0.598885 0.076158 0.221206
0 0.440181 0.525952 0.076297 0.173314
0 0.919370 0.604547 0.069131 0.267448
0 0.143001 0.591557 0.077357 0.177332
0 0.165357 0.896761 0.093751 0.151741
0 0.642241 0.436714 0.070922 0.349623
0 0.587099 0.419100 0.061146 0.147599
0 0.068727 0.541587 0.043978 0.112276
0 0.825546 0.822926 0.114609 0.339534
0 0.376240 0.475288 0.039026 0.155157
0 0.172932 0.951726 0.048470 0.094030
0 0.548562 0.278098 0.050447 0.149909
0 0.059474 0.515826 0.052588 0.166634
0 0.054585 0.488049 0.036383 0.110394
0 0.588875 0.471981 0.073011 0.251676
