0 0.547653 0.390387 0.050468 0.129217
0 0.726189 0.549925 0.078893 0.157259
0 0.351075 0.322885 0.046244 0.110827
0 0.619249 0.286266 0.043779 0.114957
0 0.779137 0.479276 0.069883 0.147968
0 0.908550 0.628259 0.072389 0.252809
0 0.503410 0.389256 0.037942 0.096732
0 0.420318 0.507655 0.072625 0.167060
0 0.067911 0.538381 0.044339 0.123713
0 0.581410 0.279395 0.039202 0.102125
0 0.185889 0.960697 0.087338 0.078607
0 0.552016 0.269655 0.038294 0.132068
0 0.432925 0.333960 0.036078 0.062404
0 0.383721 0.465850 0.039309 0.169488
0 0.173704 0.919983 0.094506 0.157504
0 0.819728 0.727824 0.105394 0.210572
0 0.273963 0.471675 0.082833 0.246289
0 0.320784 0.416544 0.039561 0.113308
0 0.046246 0.484992 0.029380 0.124654
0 0.568161 0.442562 0.064573 0.098045
0 0.127460 0.568043 0.053695 0.115315
