0 0.439263 0.519242 0.078892 0.198104
0 0.776757 0.478246 0.085495 0.153933
0 0.537517 0.395664 0.043195 0.136893
0 0.462176 0.356006 0.040799 0.094739
0 0.433025 0.319697 0.030364 0.082893
0 0.892990 0.472247 0.048658 0.188142
0 0.504952 0.387648 0.036561 0.098531
0 0.353231 0.319536 0.046696 0.094086
0 0.718268 0.559847 0.070470 0.134751
0 0.816363 0.813285 0.113111 0.346792
0 0.618054 0.293285 0.042425 0.103189
0 0.546701 0.278325 0.043028 0.154994
0 0.595178 0.421619 0.057992 0.143639
0 0.293279 0.355719 0.033090 0.082741
0 0.053447 0.520236 0.063407 0.168133
0 0.164059 0.872095 0.078945 0.145166
0 0.312628 0.410740 0.070165 0.188369
0 0.578180 0.283282 0.041816 0.120279
0 0.067914 0.537370 0.042828 0.122812
0 0.592610 0.483824 0.064470 0.272110
0 0.129466 0.561028 0.050755 0.109809
