0 0.473547 0.354279 0.035183 0.097023
0 0.792173 0.482505 0.081969 0.145348
0 0.903238 0.488550 0.061639 0.164210
0 0.722788 0.556675 0.078989 0.145053
0 0.069173 0.537914 0.044752 0.124754
0 0.417165 0.503617 0.077977 0.182689
0 0.539883 0.400156 0.049430 0.138531
0 0.353393 0.318454 0.046156 0.094224
0 0.539588 0.296391 0.061802 0.174009
0 0.613000 0.294514 0.043737 0.117763
0 0.181520 0.879072 0.082861 0.145518
0 0.816754 0.812099 0.114744 0.346972
0 0.128832 0.557189 0.052649 0.102720
0 0.591983 0.424375 0.057238 0.150315
0 0.505065 0.385543 0.032730 0.100355
0 0.432794 0.329759 0.034390 0.085422
0 0.197972 0.955767 0.075867 0.088466
0 0.579079 0.279059 0.032659 0.104606
0 0.548815 0.229470 0.017779 0.057445
0 0.316529 0.424045 0.061627 0.155670
0 0.589200 0.487522 0.061994 0.270893
0 0.291063 0.353681 0.040008 0.078733
