0 0.770937 0.491885 0.054011 0.117569
0 0.726106 0.549698 0.080228 0.156669
0 0.548882 0.391067 0.051827 0.128401
0 0.504861 0.387665 0.038828 0.098226
0 0.420859 0.504692 0.073251 0.175879
0 0.316384 0.415099 0.050899 0.116148
0 0.350785 0.322762 0.048327 0.104105
0 0.060687 0.516370 0.059760 0.169853
0 0.552871 0.269122 0.041471 0.135167
0 0.378014 0.478571 0.042967 0.158059
0 0.188616 0.960585 0.083133 0.078831
0 0.631509 0.392126 0.054794 0.317060
0 0.173738 0.919358 0.095517 0.158435
0 0.886341 0.643791 0.066603 0.262332
0 0.583016 0.279788 0.040357 0.095284
0 0.825250 0.819522 0.123719 0.339765
0 0.613451 0.269426 0.031801 0.081384
0 0.127217 0.564730 0.055050 0.113744
0 0.568564 0.444956 0.065513 0.091545
0 0.455739 0.355482 0.062476 0.087010
