0 0.465434 0.363233 0.045435 0.091302
0 0.728786 0.539954 0.059012 0.150778
0 0.540366 0.402588 0.050437 0.124135
0 0.434730 0.327370 0.040448 0.080056
0 0.778481 0.494267 0.066826 0.147719
0 0.184200 0.962307 0.074334 0.075387
0 0.651478 0.438854 0.091866 0.345695
0 0.310054 0.418663 0.046934 0.127317
0 0.585616 0.419267 0.056960 0.141526
0 0.504834 0.389026 0.029897 0.091941
0 0.142711 0.590293 0.076245 0.175764
0 0.437749 0.528707 0.083710 0.169101
0 0.920536 0.607695 0.069795 0.266056
0 0.376890 0.477367 0.040505 0.154663
0 0.169777 0.895052 0.101929 0.158943
0 0.824570 0.822444 0.116208 0.334869
0 0.067371 0.540322 0.042517 0.115600
0 0.612499 0.582484 0.078437 0.168203
0 0.549603 0.277201 0.052704 0.151237
0 0.054881 0.489899 0.036978 0.112553
