0 0.346267 0.326742 0.046756 0.107820
0 0.418817 0.502907 0.071322 0.171530
0 0.316857 0.413046 0.052304 0.121758
0 0.058917 0.515301 0.056309 0.169031
0 0.504203 0.386795 0.044147 0.098970
0 0.476889 0.352935 0.042395 0.099874
0 0.579792 0.281928 0.034924 0.110784
0 0.785066 0.474399 0.098713 0.139988
0 0.890294 0.650091 0.082605 0.272025
0 0.819337 0.818323 0.114553 0.332928
0 0.616056 0.286597 0.044839 0.119482
0 0.378448 0.470587 0.043850 0.142211
0 0.914540 0.507297 0.049104 0.148294
0 0.430767 0.341253 0.046178 0.073772
0 0.174494 0.911947 0.089300 0.163942
0 0.182003 0.959014 0.090769 0.081972
0 0.549281 0.268888 0.037432 0.134505
0 0.571636 0.381430 0.036453 0.103913
0 0.142022 0.612991 0.085202 0.220181
0 0.570606 0.446557 0.068207 0.094809
0 0.130061 0.565465 0.059823 0.122127
