0 0.529885 0.404750 0.062150 0.130719
0 0.464415 0.358250 0.029826 0.086490
0 0.438668 0.519840 0.079809 0.196337
0 0.432735 0.327257 0.033132 0.088165
0 0.707755 0.541253 0.061620 0.155531
0 0.759139 0.500508 0.085935 0.149231
0 0.647727 0.587760 0.088696 0.184318
0 0.352267 0.318478 0.047778 0.104874
0 0.496285 0.378568 0.039004 0.081971
0 0.591299 0.420117 0.060804 0.156947
0 0.130353 0.558242 0.052542 0.102377
0 0.613552 0.292039 0.044814 0.103735
0 0.067830 0.538563 0.041988 0.120050
0 0.322756 0.418908 0.053813 0.149498
0 0.822012 0.816378 0.110808 0.348124
0 0.291890 0.355577 0.030060 0.081558
0 0.169208 0.889124 0.104345 0.193411
0 0.040208 0.520688 0.036817 0.165681
0 0.539475 0.267643 0.028587 0.131951
0 0.582128 0.282836 0.038282 0.099471
