0 0.469173 0.358085 0.036030 0.094120
0 0.541979 0.393326 0.049584 0.115280
0 0.614268 0.599043 0.073857 0.227134
0 0.318566 0.298222 0.059237 0.161306
0 0.769748 0.490714 0.065185 0.180045
0 0.915591 0.612684 0.064688 0.272949
0 0.315927 0.411779 0.047431 0.123054
0 0.069731 0.537182 0.044600 0.120548
0 0.375862 0.479323 0.041671 0.153828
0 0.436889 0.317520 0.043149 0.077183
0 0.550945 0.276405 0.051570 0.149718
0 0.449785 0.533227 0.070190 0.230893
0 0.570793 0.446836 0.067224 0.095989
0 0.498822 0.386855 0.034063 0.094426
0 0.156818 0.918648 0.077143 0.154203
0 0.054506 0.493755 0.035368 0.125662
0 0.828562 0.824265 0.124393 0.335056
0 0.130917 0.581298 0.061647 0.146190
