0 0.708501 0.545039 0.064866 0.160257
0 0.779861 0.480115 0.070483 0.162686
0 0.469952 0.356301 0.041381 0.098694
0 0.419469 0.504787 0.071689 0.172190
0 0.434817 0.330802 0.038187 0.083716
0 0.348143 0.324626 0.046970 0.103511
0 0.613297 0.285276 0.046775 0.115003
0 0.066899 0.537252 0.046812 0.122384
0 0.315066 0.412851 0.049627 0.120566
0 0.505178 0.389619 0.035491 0.097041
0 0.174269 0.912779 0.088689 0.162970
0 0.375289 0.475992 0.043268 0.153146
0 0.181923 0.961062 0.090762 0.077877
0 0.578684 0.273908 0.032336 0.090603
0 0.126277 0.564444 0.059100 0.108884
0 0.561809 0.378640 0.040420 0.111708
0 0.545883 0.259098 0.034173 0.116893
0 0.569564 0.445327 0.066354 0.097539
0 0.836838 0.658587 0.140740 0.275672
0 0.819806 0.734711 0.109138 0.139743
0 0.053580 0.485872 0.029590 0.107802
0 0.134428 0.596923 0.074892 0.175491
