0 0.469899 0.357483 0.039196 0.092158
0 0.437635 0.327553 0.039192 0.089773
0 0.775866 0.499620 0.069265 0.162405
0 0.440146 0.516196 0.077525 0.194043
0 0.069025 0.538652 0.043162 0.119640
0 0.376260 0.477562 0.041340 0.157528
0 0.537634 0.391117 0.058416 0.114521
0 0.914953 0.602397 0.076383 0.274719
0 0.670845 0.524128 0.062809 0.215269
0 0.628340 0.608319 0.092294 0.195376
0 0.549090 0.277057 0.051582 0.145579
0 0.571072 0.440506 0.067052 0.107749
0 0.284002 0.488513 0.106743 0.362441
0 0.828294 0.821583 0.123149 0.333688
0 0.188830 0.961674 0.076009 0.076652
0 0.145887 0.615844 0.094199 0.224105
0 0.497573 0.386850 0.036319 0.082843
0 0.052417 0.487722 0.033010 0.115887
0 0.059921 0.514853 0.052974 0.171315
