0 0.792647 0.482221 0.082309 0.148016
0 0.722885 0.553895 0.078214 0.151306
0 0.418256 0.503564 0.076960 0.180227
0 0.069261 0.540454 0.044745 0.120268
0 0.901451 0.479374 0.060704 0.165523
0 0.539684 0.398973 0.046552 0.131523
0 0.613234 0.289901 0.041625 0.107745
0 0.353626 0.316764 0.045518 0.097225
0 0.462180 0.359761 0.032938 0.099981
0 0.578483 0.277567 0.034378 0.100117
0 0.181005 0.878503 0.080065 0.153259
0 0.816839 0.812176 0.115097 0.347514
0 0.129761 0.556541 0.053221 0.103006
0 0.659209 0.457619 0.066449 0.379264
0 0.431947 0.331292 0.036243 0.060561
0 0.548501 0.276458 0.045901 0.150970
0 0.592466 0.423498 0.058744 0.144336
0 0.317734 0.425469 0.058941 0.151719
0 0.589608 0.486536 0.061537 0.269078
0 0.199185 0.954336 0.075139 0.091328
0 0.293157 0.351993 0.028709 0.077947
