0 0.707753 0.546171 0.063261 0.158814
0 0.777355 0.490117 0.075255 0.164882
0 0.474743 0.354066 0.047899 0.100861
0 0.615381 0.285224 0.044916 0.117729
0 0.505696 0.386764 0.036570 0.099046
0 0.416951 0.504659 0.071882 0.175253
0 0.316079 0.412905 0.050086 0.120446
0 0.349965 0.323621 0.049604 0.103834
0 0.434740 0.331485 0.037538 0.080829
0 0.066555 0.537836 0.047123 0.121886
0 0.555900 0.388892 0.035657 0.090180
0 0.579887 0.273674 0.033401 0.090890
0 0.173232 0.912796 0.092139 0.163415
0 0.375508 0.474385 0.042251 0.146528
0 0.178632 0.958312 0.094281 0.083376
0 0.547781 0.257902 0.035845 0.112370
0 0.857594 0.637980 0.100820 0.225499
0 0.820555 0.740539 0.111414 0.152909
0 0.570141 0.447041 0.066223 0.094233
0 0.053827 0.485819 0.029660 0.108338
0 0.917364 0.510700 0.057362 0.123479
