0 0.699593 0.545411 0.069065 0.149980
0 0.528682 0.404811 0.067247 0.132661
0 0.439041 0.519062 0.079061 0.195495
0 0.615302 0.291387 0.042829 0.110095
0 0.462751 0.356272 0.032999 0.089858
0 0.754177 0.495271 0.090578 0.166538
0 0.352286 0.319866 0.048506 0.099285
0 0.646825 0.586818 0.088093 0.186391
0 0.821050 0.819379 0.106453 0.339052
0 0.437593 0.329284 0.028070 0.086924
0 0.054365 0.520187 0.064839 0.168184
0 0.131423 0.558336 0.055008 0.107179
0 0.322892 0.420181 0.052912 0.150021
0 0.174746 0.868597 0.076364 0.157782
0 0.592590 0.428220 0.059113 0.173284
0 0.539535 0.266009 0.028304 0.129271
0 0.582766 0.281611 0.038100 0.098812
0 0.290289 0.356934 0.028653 0.087758
