0 0.708250 0.546515 0.063186 0.159821
0 0.788104 0.491248 0.093303 0.165771
0 0.418482 0.502541 0.072386 0.170748
0 0.613999 0.286389 0.045920 0.114221
0 0.349622 0.323150 0.049810 0.099934
0 0.478056 0.355939 0.043868 0.102512
0 0.902094 0.622464 0.078904 0.286241
0 0.315968 0.413848 0.050905 0.121491
0 0.579241 0.278689 0.033867 0.103896
0 0.378686 0.471988 0.043703 0.149824
0 0.504612 0.388727 0.039118 0.100271
0 0.432674 0.337314 0.045891 0.090043
0 0.173944 0.914427 0.090870 0.165044
0 0.181236 0.960002 0.093360 0.079995
0 0.550001 0.266922 0.038308 0.129508
0 0.907147 0.495486 0.037200 0.129377
0 0.068802 0.536633 0.044541 0.122378
0 0.558911 0.379831 0.045985 0.111841
0 0.824974 0.822631 0.122972 0.332893
0 0.569593 0.445495 0.067652 0.097290
