0 0.786295 0.492028 0.089781 0.177632
0 0.696047 0.541585 0.068405 0.172305
0 0.345773 0.325542 0.044446 0.104996
0 0.418000 0.502262 0.073105 0.172800
0 0.524985 0.399181 0.063177 0.116940
0 0.919517 0.603998 0.069295 0.258703
0 0.314970 0.414501 0.049519 0.124160
0 0.496974 0.379364 0.039721 0.078360
0 0.546887 0.277428 0.047427 0.142736
0 0.067641 0.534436 0.046061 0.128506
0 0.377195 0.478928 0.040156 0.154998
0 0.570814 0.436791 0.065516 0.113730
0 0.180994 0.924801 0.084073 0.150399
0 0.278941 0.380850 0.062425 0.266218
0 0.624866 0.292027 0.040025 0.097770
0 0.472349 0.351669 0.035346 0.079313
0 0.431794 0.340014 0.036941 0.080913
0 0.582877 0.282104 0.042102 0.109678
0 0.053072 0.488124 0.031812 0.112183
0 0.843383 0.753546 0.081339 0.201449
0 0.827009 0.825350 0.120432 0.343932
0 0.188210 0.959905 0.087852 0.080191
