0 0.726048 0.551166 0.078622 0.155070
0 0.547710 0.389302 0.051509 0.127454
0 0.618655 0.286435 0.044262 0.117314
0 0.503781 0.388179 0.037591 0.096733
0 0.421156 0.504081 0.072351 0.175604
0 0.908074 0.626295 0.070078 0.251556
0 0.779156 0.478150 0.070184 0.147484
0 0.351680 0.322358 0.049866 0.100413
0 0.067952 0.538111 0.044927 0.122971
0 0.382730 0.463717 0.042317 0.167361
0 0.581345 0.278752 0.038967 0.100385
0 0.189717 0.961303 0.079547 0.077394
0 0.551655 0.269793 0.038517 0.132781
0 0.824697 0.732912 0.113402 0.140295
0 0.173232 0.919487 0.093782 0.155383
0 0.569194 0.441187 0.064748 0.100953
0 0.308032 0.548684 0.078721 0.411147
0 0.453971 0.358728 0.062292 0.099222
0 0.058847 0.513724 0.064532 0.174996
0 0.044389 0.487949 0.030716 0.120471
0 0.127412 0.566997 0.055095 0.112958
