0 0.770278 0.480856 0.052011 0.137273
0 0.547641 0.390239 0.050507 0.128658
0 0.727119 0.551334 0.081103 0.154335
0 0.618373 0.286701 0.044267 0.117362
0 0.316541 0.412772 0.050906 0.121553
0 0.504700 0.387851 0.038051 0.097417
0 0.908358 0.619696 0.074262 0.268610
0 0.422255 0.503382 0.070766 0.173866
0 0.068429 0.539256 0.042557 0.117179
0 0.384289 0.465793 0.043371 0.170144
0 0.352248 0.322158 0.050127 0.096854
0 0.581642 0.280009 0.038936 0.103763
0 0.188453 0.960855 0.083649 0.078290
0 0.550865 0.269315 0.037368 0.133153
0 0.614039 0.533248 0.060044 0.296417
0 0.826030 0.730695 0.116647 0.141895
0 0.129822 0.561527 0.055489 0.107836
0 0.173696 0.920546 0.094994 0.155776
0 0.051025 0.490177 0.033231 0.118052
0 0.566965 0.442085 0.062446 0.094007
0 0.454659 0.358632 0.062029 0.098787
