0 0.754527 0.498249 0.075140 0.197371
0 0.540376 0.392595 0.046982 0.114551
0 0.381375 0.479879 0.046206 0.157039
0 0.350546 0.323609 0.047768 0.099177
0 0.633034 0.606405 0.097824 0.198146
0 0.622106 0.294893 0.041271 0.108590
0 0.430859 0.513835 0.081478 0.196059
0 0.319556 0.415782 0.043446 0.115705
0 0.070015 0.536980 0.045714 0.121926
0 0.919796 0.605669 0.069808 0.264268
0 0.827595 0.829259 0.122954 0.341483
0 0.468966 0.357651 0.033792 0.088527
0 0.420328 0.326683 0.035232 0.076619
0 0.570134 0.439056 0.064678 0.108152
0 0.190118 0.963327 0.075805 0.073347
0 0.138559 0.591073 0.081773 0.173216
0 0.055352 0.494326 0.037600 0.126734
0 0.284936 0.323006 0.022444 0.149594
0 0.491857 0.388506 0.038862 0.089636
0 0.548573 0.275887 0.051986 0.139396
