0 0.722383 0.560862 0.075677 0.137103
0 0.614078 0.289390 0.044451 0.111259
0 0.067819 0.540850 0.043297 0.120726
0 0.539456 0.400204 0.047046 0.130939
0 0.898766 0.474416 0.057246 0.168393
0 0.591161 0.484814 0.068150 0.266815
0 0.434013 0.329289 0.044246 0.102984
0 0.467196 0.357998 0.030571 0.095363
0 0.349297 0.324070 0.048419 0.113926
0 0.298728 0.299301 0.044746 0.177198
0 0.419767 0.501871 0.072397 0.181024
0 0.816855 0.811943 0.114504 0.343377
0 0.271968 0.373611 0.035636 0.132799
0 0.580120 0.280484 0.036439 0.104731
0 0.494924 0.386190 0.043111 0.103712
0 0.318190 0.426248 0.055760 0.153066
0 0.551903 0.276313 0.038737 0.145029
0 0.782416 0.511996 0.071819 0.086712
0 0.243330 0.408444 0.043409 0.142934
