0 0.780788 0.479531 0.071714 0.149453
0 0.468079 0.360667 0.037821 0.096838
0 0.722350 0.556903 0.076646 0.144512
0 0.539414 0.399933 0.045163 0.133436
0 0.068327 0.540502 0.044399 0.121417
0 0.613594 0.289426 0.044196 0.111591
0 0.899181 0.474751 0.057986 0.171103
0 0.351714 0.322358 0.044564 0.110010
0 0.588329 0.483920 0.064555 0.268068
0 0.296068 0.298134 0.042414 0.170313
0 0.422448 0.502330 0.069992 0.180694
0 0.500335 0.386834 0.036244 0.095874
0 0.430529 0.329157 0.033338 0.097975
0 0.580038 0.278619 0.036014 0.100583
0 0.552334 0.275744 0.037385 0.145759
0 0.317943 0.426477 0.056570 0.151054
0 0.822525 0.754437 0.120274 0.194150
0 0.275143 0.350787 0.029950 0.086273
0 0.258150 0.412978 0.042763 0.141981
0 0.588615 0.422665 0.058447 0.144524
