0 0.417980 0.503006 0.070536 0.170672
0 0.316273 0.412642 0.051281 0.122144
0 0.504778 0.386121 0.039516 0.101215
0 0.890458 0.637885 0.085032 0.273448
0 0.476017 0.356456 0.047144 0.102380
0 0.580191 0.281435 0.035798 0.109903
0 0.785371 0.476306 0.098801 0.135128
0 0.350725 0.323200 0.048579 0.098350
0 0.616942 0.285767 0.046036 0.117613
0 0.818433 0.819018 0.113630 0.336638
0 0.377174 0.470510 0.041096 0.146977
0 0.069755 0.534972 0.045093 0.125053
0 0.180706 0.956801 0.099270 0.086398
0 0.918379 0.502296 0.047518 0.146842
0 0.432213 0.335310 0.046472 0.076019
0 0.173541 0.912978 0.089776 0.166055
0 0.550237 0.268868 0.038240 0.134468
0 0.568617 0.379684 0.034837 0.103722
0 0.143861 0.614440 0.089945 0.221819
0 0.055527 0.516951 0.048521 0.167881
0 0.128622 0.564184 0.059002 0.116881
0 0.571028 0.446143 0.068604 0.095079
