0 0.727666 0.541470 0.060560 0.147792
0 0.471366 0.357972 0.045123 0.096527
0 0.436384 0.325969 0.035929 0.085675
0 0.500868 0.387795 0.036919 0.095732
0 0.916932 0.617158 0.067233 0.271645
0 0.536615 0.401400 0.050934 0.128615
0 0.777544 0.493327 0.062187 0.147012
0 0.310756 0.418034 0.046863 0.128037
0 0.615140 0.598141 0.076161 0.219628
0 0.143817 0.591877 0.076439 0.178294
0 0.745650 0.403232 0.059424 0.206268
0 0.167863 0.901452 0.098726 0.184117
0 0.431862 0.522497 0.089651 0.177516
0 0.067987 0.540533 0.043468 0.114343
0 0.825764 0.821562 0.114970 0.336605
0 0.549317 0.278808 0.051163 0.155878
0 0.599655 0.466290 0.081729 0.248866
0 0.375917 0.477811 0.038276 0.157918
0 0.580550 0.284815 0.042442 0.113777
0 0.184211 0.952100 0.069286 0.095801
0 0.055785 0.488489 0.036875 0.112757
