0 0.470693 0.359690 0.039862 0.092841
0 0.774077 0.506909 0.070029 0.143865
0 0.318248 0.412177 0.049645 0.120872
0 0.828233 0.821939 0.122406 0.335532
0 0.376538 0.477283 0.041448 0.158305
0 0.430649 0.512274 0.082775 0.195499
0 0.538633 0.392356 0.048593 0.118355
0 0.350381 0.321918 0.052769 0.099376
0 0.915658 0.607150 0.062758 0.256064
0 0.634114 0.604135 0.097617 0.192902
0 0.427219 0.326486 0.050370 0.094962
0 0.071675 0.536918 0.046238 0.120350
0 0.503619 0.389480 0.033870 0.094342
0 0.569840 0.438409 0.065682 0.109451
0 0.054738 0.494505 0.036620 0.127470
0 0.548858 0.275351 0.050843 0.147520
0 0.131288 0.583516 0.066745 0.148057
0 0.280195 0.335703 0.029819 0.174563
