0 0.779730 0.494792 0.106423 0.177667
0 0.471858 0.361314 0.042458 0.091667
0 0.346768 0.326566 0.048268 0.103591
0 0.624923 0.596307 0.081402 0.219128
0 0.377397 0.476653 0.042357 0.161817
0 0.688359 0.548416 0.060263 0.182832
0 0.316540 0.413363 0.048867 0.120139
0 0.426523 0.505196 0.071714 0.183348
0 0.621648 0.294100 0.040524 0.108065
0 0.505787 0.390222 0.027159 0.094827
0 0.829898 0.826057 0.125113 0.337941
0 0.549377 0.279215 0.051756 0.148635
0 0.570215 0.435918 0.065751 0.115492
0 0.422514 0.330479 0.041184 0.082686
0 0.058895 0.517486 0.053742 0.165517
0 0.068966 0.538924 0.039127 0.115989
0 0.580287 0.271361 0.035846 0.096226
0 0.130194 0.582702 0.063521 0.152488
0 0.911096 0.632809 0.066101 0.187404
0 0.551108 0.390895 0.044766 0.093796
