0 0.792299 0.484874 0.078698 0.143881
0 0.468515 0.361952 0.033156 0.096344
0 0.437598 0.326544 0.038052 0.094489
0 0.612895 0.290238 0.044348 0.111003
0 0.069575 0.539465 0.044739 0.120297
0 0.720124 0.549960 0.073625 0.150732
0 0.431961 0.522276 0.087488 0.196233
0 0.504937 0.382045 0.038177 0.093268
0 0.353287 0.319487 0.050283 0.097811
0 0.816020 0.813185 0.113113 0.350881
0 0.547222 0.278391 0.046285 0.155620
0 0.531553 0.394939 0.053227 0.138011
0 0.130641 0.557498 0.054181 0.105580
0 0.926116 0.524778 0.053810 0.216311
0 0.575743 0.276964 0.035568 0.104952
0 0.590504 0.422201 0.061288 0.148910
0 0.292931 0.355581 0.034698 0.082591
0 0.312005 0.409754 0.071123 0.187110
0 0.162193 0.868643 0.079159 0.138611
0 0.064381 0.485042 0.034293 0.115341
0 0.172453 0.898318 0.110076 0.200896
