0 0.792087 0.482412 0.081947 0.146196
0 0.722299 0.556299 0.078254 0.144486
0 0.069172 0.538041 0.044657 0.124993
0 0.904039 0.488619 0.060209 0.163695
0 0.417544 0.504786 0.078677 0.182290
0 0.540575 0.399632 0.045848 0.132198
0 0.353068 0.318601 0.046863 0.099368
0 0.474225 0.353927 0.038724 0.095236
0 0.505012 0.386186 0.036125 0.100770
0 0.613572 0.294262 0.043462 0.116268
0 0.180461 0.880414 0.082968 0.151089
0 0.539156 0.297755 0.062700 0.173331
0 0.816557 0.813687 0.114692 0.350499
0 0.432267 0.326969 0.034790 0.073268
0 0.591980 0.424532 0.059220 0.151759
0 0.129884 0.557198 0.052430 0.101738
0 0.199345 0.955826 0.074710 0.088347
0 0.578718 0.284548 0.033609 0.117576
0 0.548389 0.229441 0.018270 0.057121
0 0.317902 0.426910 0.058232 0.149475
0 0.589214 0.486977 0.063272 0.269935
0 0.292439 0.352415 0.030382 0.078692
