0 0.470496 0.358470 0.042378 0.094039
0 0.539085 0.394334 0.048161 0.117119
0 0.442171 0.518118 0.075741 0.195190
0 0.317828 0.413227 0.051064 0.122547
0 0.778376 0.503195 0.077104 0.151849
0 0.070807 0.538651 0.045122 0.121033
0 0.633074 0.605035 0.098091 0.196876
0 0.336328 0.296999 0.058998 0.161995
0 0.921076 0.602058 0.062765 0.265185
0 0.435339 0.321530 0.045132 0.089920
0 0.377050 0.478256 0.041158 0.158635
0 0.243962 0.398197 0.040138 0.249412
0 0.501329 0.389477 0.039066 0.094877
0 0.054054 0.494143 0.035368 0.125703
0 0.570090 0.440012 0.066370 0.107108
0 0.827611 0.824798 0.122863 0.331303
0 0.536495 0.260039 0.031202 0.122078
0 0.130483 0.581592 0.059659 0.147055
