0 0.726172 0.543056 0.067969 0.163889
0 0.417187 0.502778 0.071875 0.172222
0 0.316406 0.413194 0.051562 0.120833
0 0.348438 0.322222 0.046875 0.105556
0 0.791016 0.481250 0.086719 0.159722
0 0.503906 0.390278 0.042188 0.097222
0 0.476172 0.355556 0.038281 0.094444
0 0.900781 0.626389 0.082812 0.286111
0 0.819141 0.820139 0.113281 0.337500
0 0.617969 0.290972 0.042188 0.120833
0 0.376172 0.468056 0.041406 0.141667
0 0.433984 0.337500 0.041406 0.080556
0 0.580469 0.283333 0.035937 0.111111
0 0.066406 0.538889 0.045312 0.116667
0 0.569922 0.381944 0.035156 0.102778
0 0.130469 0.561111 0.056250 0.105556
0 0.185938 0.960764 0.093750 0.077083
0 0.178906 0.923264 0.085938 0.152083
0 0.546484 0.272917 0.046094 0.134722
0 0.911719 0.502083 0.040625 0.123611
0 0.570312 0.446528 0.067187 0.093056
0 0.048828 0.485417 0.025781 0.118056
