0 0.346484 0.325000 0.046094 0.105556
0 0.416797 0.502778 0.071094 0.172222
0 0.899219 0.623611 0.079687 0.269444
0 0.475391 0.355556 0.042969 0.100000
0 0.856641 0.445833 0.042969 0.175000
0 0.617578 0.288194 0.044531 0.118056
0 0.719141 0.545833 0.066406 0.161111
0 0.767969 0.479167 0.064062 0.136111
0 0.502344 0.392361 0.045312 0.095833
0 0.314844 0.413194 0.051562 0.120833
0 0.819531 0.818750 0.114062 0.334722
0 0.375781 0.469444 0.042188 0.144444
0 0.580078 0.281250 0.036719 0.106944
0 0.434375 0.336806 0.046875 0.079167
0 0.571484 0.381944 0.039844 0.102778
0 0.551953 0.275000 0.038281 0.127778
0 0.127344 0.559722 0.054688 0.108333
0 0.571484 0.447917 0.061719 0.090278
0 0.042188 0.475694 0.034375 0.076389
0 0.066016 0.527083 0.039844 0.098611
0 0.160156 0.889583 0.067187 0.068056
0 0.183594 0.949653 0.089063 0.099306
