0 0.722266 0.555556 0.064844 0.144444
0 0.784375 0.495833 0.065625 0.108333
0 0.471875 0.365278 0.037500 0.086111
0 0.891016 0.477778 0.061719 0.163889
0 0.423438 0.502083 0.075000 0.173611
0 0.438281 0.330556 0.032813 0.094444
0 0.537500 0.391667 0.046875 0.111111
0 0.617578 0.290278 0.041406 0.108333
0 0.354297 0.318056 0.047656 0.097222
0 0.067187 0.544444 0.043750 0.116667
0 0.849609 0.699306 0.091406 0.248611
0 0.503516 0.388889 0.041406 0.100000
0 0.382031 0.466667 0.045312 0.166667
0 0.296875 0.495833 0.067187 0.213889
0 0.173437 0.898611 0.085938 0.163889
0 0.130859 0.561111 0.055469 0.108333
0 0.551953 0.277778 0.038281 0.150000
0 0.246094 0.369444 0.035937 0.261111
0 0.581250 0.276389 0.037500 0.097222
0 0.313672 0.390278 0.044531 0.077778
0 0.316406 0.422222 0.051562 0.144444
