0 0.473438 0.354167 0.034375 0.097222
0 0.792188 0.482639 0.081250 0.145833
0 0.903125 0.488194 0.062500 0.165278
0 0.722656 0.556250 0.079687 0.145833
0 0.069141 0.537500 0.044531 0.125000
0 0.417187 0.503472 0.078125 0.181944
0 0.539844 0.400000 0.048438 0.138889
0 0.353516 0.318750 0.046094 0.093056
0 0.539453 0.296528 0.061719 0.173611
0 0.612500 0.294444 0.043750 0.116667
0 0.182031 0.879167 0.082812 0.147222
0 0.816797 0.812500 0.114844 0.347222
0 0.128516 0.556944 0.052344 0.102778
0 0.591797 0.425000 0.057031 0.150000
0 0.505469 0.386111 0.032813 0.100000
0 0.432812 0.329167 0.034375 0.086111
0 0.198047 0.955208 0.075781 0.088194
0 0.578906 0.279167 0.032813 0.102778
0 0.548828 0.229167 0.017969 0.058333
0 0.316406 0.425000 0.060937 0.155556
0 0.291016 0.353472 0.039844 0.079167
