0 0.346484 0.326389 0.046094 0.108333
0 0.418750 0.502778 0.071875 0.172222
0 0.316797 0.413194 0.052344 0.120833
0 0.504297 0.386806 0.044531 0.098611
0 0.477344 0.352778 0.042188 0.100000
0 0.579688 0.281944 0.034375 0.111111
0 0.785156 0.474306 0.098437 0.140278
0 0.889844 0.650000 0.082812 0.272222
0 0.819531 0.818750 0.114062 0.331944
0 0.616016 0.287500 0.044531 0.119444
0 0.378125 0.470833 0.043750 0.141667
0 0.914453 0.506944 0.049219 0.147222
0 0.430859 0.340972 0.046094 0.073611
0 0.174219 0.912500 0.089063 0.163889
0 0.182031 0.958681 0.090625 0.081250
0 0.549219 0.268750 0.037500 0.134722
0 0.571484 0.381250 0.036719 0.104167
0 0.570312 0.447222 0.068750 0.094444
0 0.130078 0.565278 0.060156 0.122222
0 0.051172 0.463194 0.036719 0.084722
0 0.063672 0.532639 0.032031 0.118056
