0 0.716797 0.552778 0.067969 0.150000
0 0.890625 0.495833 0.065625 0.136111
0 0.420703 0.502083 0.072656 0.173611
0 0.432031 0.331944 0.039062 0.091667
0 0.538281 0.391667 0.048438 0.111111
0 0.350000 0.320833 0.048438 0.102778
0 0.069922 0.535417 0.041406 0.126389
0 0.503906 0.390278 0.035937 0.097222
0 0.618359 0.288889 0.042969 0.105556
0 0.472656 0.365278 0.039062 0.086111
0 0.246875 0.462500 0.062500 0.213889
0 0.782031 0.509028 0.064062 0.104167
0 0.381250 0.468750 0.046875 0.170833
0 0.852344 0.698611 0.093750 0.247222
0 0.162500 0.381250 0.046875 0.237500
0 0.316797 0.427083 0.055469 0.145833
0 0.575781 0.273611 0.032813 0.097222
0 0.551172 0.277778 0.039844 0.144444
0 0.119531 0.554861 0.048438 0.076389
0 0.157812 0.868750 0.068750 0.087500
0 0.183594 0.955208 0.050000 0.088194
0 0.565234 0.459028 0.064844 0.062500
