0 0.417578 0.502778 0.074219 0.172222
0 0.503516 0.388194 0.044531 0.098611
0 0.732031 0.538194 0.076563 0.170833
0 0.791797 0.477778 0.083594 0.150000
0 0.348828 0.323611 0.049219 0.102778
0 0.476953 0.354167 0.042969 0.102778
0 0.314844 0.412500 0.048438 0.119444
0 0.819922 0.819444 0.116406 0.333333
0 0.616016 0.286806 0.044531 0.120833
0 0.579297 0.282639 0.035156 0.112500
0 0.173828 0.912500 0.089844 0.163889
0 0.914844 0.507639 0.048438 0.148611
0 0.430469 0.340972 0.046875 0.070833
0 0.180469 0.959375 0.098437 0.079861
0 0.373828 0.464583 0.035156 0.137500
0 0.570312 0.380556 0.037500 0.105556
0 0.892969 0.642361 0.070312 0.276389
0 0.549219 0.269444 0.042188 0.141667
0 0.129688 0.563889 0.056250 0.111111
0 0.570703 0.446528 0.067969 0.095833
0 0.048047 0.470833 0.032031 0.091667
0 0.063672 0.518750 0.041406 0.118056
