0 0.707812 0.547917 0.062500 0.159722
0 0.788672 0.489583 0.088281 0.165278
0 0.417187 0.503472 0.071875 0.170833
0 0.614844 0.285417 0.045312 0.115278
0 0.315234 0.413889 0.049219 0.122222
0 0.475000 0.354861 0.050000 0.101389
0 0.347266 0.323611 0.047656 0.102778
0 0.891797 0.631944 0.080469 0.269444
0 0.505469 0.388194 0.039062 0.101389
0 0.433203 0.331944 0.041406 0.075000
0 0.916406 0.490278 0.048438 0.141667
0 0.820312 0.824306 0.115625 0.337500
0 0.174219 0.911806 0.089063 0.162500
0 0.577344 0.276389 0.035937 0.102778
0 0.178906 0.957986 0.092188 0.082639
0 0.373437 0.468750 0.043750 0.148611
0 0.558594 0.380556 0.042188 0.111111
0 0.127734 0.563889 0.057031 0.105556
0 0.544922 0.259722 0.028906 0.113889
0 0.569531 0.445833 0.067187 0.097222
0 0.051953 0.470833 0.032031 0.063889
0 0.062891 0.536111 0.028906 0.091667
