0 0.787891 0.489583 0.092969 0.176389
0 0.621875 0.598611 0.090625 0.219444
0 0.316406 0.413889 0.051562 0.122222
0 0.348438 0.324306 0.050000 0.098611
0 0.692187 0.547222 0.071875 0.166667
0 0.430469 0.513194 0.076563 0.195833
0 0.380078 0.480556 0.046094 0.155556
0 0.424609 0.329167 0.035156 0.080556
0 0.843750 0.758333 0.084375 0.216667
0 0.625000 0.291667 0.040625 0.097222
0 0.583203 0.280556 0.039844 0.105556
0 0.569141 0.448611 0.064844 0.091667
0 0.547656 0.270833 0.048438 0.130556
0 0.067578 0.534028 0.044531 0.126389
0 0.144531 0.615278 0.092188 0.230556
0 0.555469 0.380556 0.042188 0.105556
0 0.468750 0.346528 0.025000 0.062500
0 0.903125 0.671528 0.059375 0.234722
0 0.053906 0.488194 0.032813 0.115278
0 0.175781 0.926042 0.101562 0.146528
0 0.188672 0.949653 0.102344 0.099306
