0 0.470703 0.363889 0.042969 0.088889
0 0.420703 0.503472 0.072656 0.173611
0 0.720313 0.552778 0.060937 0.147222
0 0.617969 0.288889 0.042188 0.105556
0 0.502734 0.387500 0.042969 0.102778
0 0.538281 0.391667 0.045312 0.111111
0 0.433984 0.331944 0.036719 0.091667
0 0.353125 0.318056 0.046875 0.102778
0 0.067187 0.541667 0.043750 0.116667
0 0.885938 0.473611 0.060937 0.147222
0 0.381250 0.468056 0.046875 0.169444
0 0.316016 0.426389 0.049219 0.147222
0 0.850000 0.699306 0.090625 0.245833
0 0.171094 0.904861 0.090625 0.170833
0 0.258594 0.476389 0.071875 0.230556
0 0.131250 0.559722 0.056250 0.108333
0 0.576562 0.273611 0.034375 0.097222
0 0.784375 0.506944 0.068750 0.086111
0 0.257812 0.336111 0.040625 0.194444
0 0.551562 0.278472 0.040625 0.148611
0 0.198437 0.955208 0.075000 0.088194
