0 0.529687 0.404167 0.062500 0.130556
0 0.464844 0.358333 0.029687 0.086111
0 0.438281 0.520139 0.079687 0.195833
0 0.432422 0.327778 0.033594 0.088889
0 0.707812 0.541667 0.062500 0.155556
0 0.758594 0.500000 0.085938 0.150000
0 0.647656 0.588194 0.089063 0.184722
0 0.352344 0.318750 0.048438 0.104167
0 0.496094 0.378472 0.039062 0.081944
0 0.591406 0.420139 0.060937 0.156944
0 0.130078 0.558333 0.052344 0.102778
0 0.613281 0.292361 0.045312 0.104167
0 0.067969 0.538194 0.042188 0.120833
0 0.322656 0.419444 0.054688 0.150000
0 0.822266 0.815972 0.110156 0.348611
0 0.291797 0.355556 0.030469 0.083333
0 0.169531 0.888889 0.104688 0.194444
0 0.040234 0.520833 0.036719 0.163889
0 0.539453 0.267361 0.028906 0.131944
0 0.582031 0.283333 0.039062 0.100000
0 0.203125 0.943750 0.103125 0.095833
