0 0.787109 0.491667 0.091406 0.180556
0 0.632031 0.600000 0.101562 0.222222
0 0.348828 0.324306 0.049219 0.101389
0 0.698438 0.552083 0.067187 0.181944
0 0.316016 0.413194 0.049219 0.120833
0 0.378906 0.477083 0.045312 0.159722
0 0.428125 0.509722 0.081250 0.191667
0 0.472656 0.357639 0.035937 0.087500
0 0.546875 0.279167 0.046875 0.147222
0 0.547656 0.393056 0.035937 0.080556
0 0.625000 0.290972 0.040625 0.098611
0 0.425781 0.329167 0.032813 0.080556
0 0.067969 0.533333 0.045312 0.127778
0 0.844141 0.760417 0.083594 0.212500
0 0.569141 0.442361 0.064844 0.101389
0 0.577344 0.276389 0.039062 0.108333
0 0.498437 0.384722 0.031250 0.088889
0 0.856250 0.648611 0.109375 0.213889
0 0.176172 0.926042 0.103906 0.146528
0 0.891406 0.634722 0.043750 0.166667
0 0.132031 0.580556 0.067187 0.138889
0 0.186719 0.957986 0.093750 0.082639
