0 0.434375 0.326389 0.040625 0.080556
0 0.900781 0.494444 0.064062 0.138889
0 0.538281 0.392361 0.045312 0.115278
0 0.067969 0.541667 0.045312 0.122222
0 0.727344 0.547222 0.073438 0.155556
0 0.470313 0.360417 0.043750 0.093056
0 0.420312 0.503472 0.068750 0.179167
0 0.352344 0.320833 0.048438 0.097222
0 0.506250 0.390972 0.035937 0.095833
0 0.620313 0.289583 0.040625 0.112500
0 0.855469 0.700694 0.096875 0.245833
0 0.785156 0.506944 0.057813 0.086111
0 0.147656 0.375000 0.042188 0.216667
0 0.551562 0.276389 0.037500 0.147222
0 0.315234 0.427778 0.061719 0.150000
0 0.580469 0.277778 0.039062 0.100000
0 0.221094 0.445139 0.067187 0.287500
0 0.124219 0.587500 0.048438 0.158333
0 0.566406 0.454167 0.059375 0.066667
0 0.161719 0.905556 0.079687 0.080556
0 0.184766 0.952431 0.067969 0.093750
0 0.255859 0.375000 0.035156 0.052778
