0 0.727734 0.548611 0.074219 0.152778
0 0.537500 0.393056 0.046875 0.113889
0 0.068359 0.540972 0.046094 0.123611
0 0.899219 0.480556 0.067187 0.172222
0 0.351562 0.318750 0.046875 0.101389
0 0.421094 0.502778 0.070312 0.177778
0 0.610938 0.286806 0.043750 0.106944
0 0.499219 0.386806 0.042188 0.098611
0 0.784766 0.502778 0.057031 0.094444
0 0.476953 0.359722 0.030469 0.091667
0 0.165234 0.387500 0.041406 0.247222
0 0.855469 0.701389 0.098437 0.247222
0 0.579688 0.275000 0.034375 0.094444
0 0.433594 0.321528 0.042188 0.084722
0 0.316406 0.425000 0.051562 0.144444
0 0.552344 0.275694 0.039062 0.145833
0 0.257031 0.421528 0.045312 0.156944
0 0.251563 0.341667 0.056250 0.116667
0 0.128125 0.543750 0.048438 0.059722
0 0.165234 0.906250 0.082031 0.073611
0 0.185156 0.955208 0.064062 0.088194
0 0.568359 0.451389 0.067969 0.066667
