0 0.792188 0.481250 0.081250 0.151389
0 0.722656 0.553472 0.076563 0.148611
0 0.068750 0.539583 0.043750 0.120833
0 0.418750 0.501389 0.075000 0.180556
0 0.898438 0.483333 0.062500 0.166667
0 0.540234 0.395139 0.046094 0.137500
0 0.612891 0.290972 0.042969 0.109722
0 0.504687 0.386806 0.037500 0.098611
0 0.437891 0.321528 0.028906 0.081944
0 0.352344 0.320833 0.045312 0.097222
0 0.130078 0.556944 0.052344 0.102778
0 0.816797 0.815278 0.114844 0.352778
0 0.179688 0.880556 0.081250 0.144444
0 0.459766 0.350000 0.032031 0.105556
0 0.225000 0.427778 0.054688 0.300000
0 0.548438 0.277778 0.046875 0.155556
0 0.591797 0.423611 0.058594 0.152778
0 0.578516 0.275000 0.033594 0.094444
0 0.316406 0.423611 0.054688 0.152778
0 0.198828 0.953819 0.074219 0.090972
0 0.292578 0.353472 0.032031 0.079167
