0 0.785547 0.489583 0.089844 0.170833
0 0.471875 0.356250 0.037500 0.093056
0 0.418359 0.504167 0.071094 0.172222
0 0.692969 0.547222 0.070312 0.183333
0 0.501953 0.388889 0.041406 0.100000
0 0.315625 0.414583 0.050000 0.118056
0 0.349219 0.322222 0.048438 0.100000
0 0.621484 0.293056 0.041406 0.113889
0 0.637109 0.587500 0.094531 0.227778
0 0.378906 0.469444 0.042188 0.138889
0 0.546484 0.275000 0.047656 0.138889
0 0.186328 0.959375 0.085156 0.079861
0 0.581641 0.284028 0.039844 0.115278
0 0.571875 0.382639 0.037500 0.104167
0 0.067187 0.538194 0.042188 0.120833
0 0.175391 0.919097 0.089844 0.160417
0 0.427734 0.345139 0.039844 0.068056
0 0.860938 0.649306 0.109375 0.256944
0 0.571875 0.448611 0.062500 0.091667
0 0.838672 0.755556 0.074219 0.211111
0 0.122656 0.542361 0.048438 0.065278
