0 0.773047 0.487500 0.058594 0.125000
0 0.351953 0.320833 0.046094 0.108333
0 0.719531 0.549306 0.060937 0.154167
0 0.419531 0.503472 0.073438 0.173611
0 0.067187 0.543750 0.043750 0.115278
0 0.618750 0.286806 0.043750 0.115278
0 0.470313 0.366667 0.037500 0.072222
0 0.537891 0.390278 0.046094 0.108333
0 0.907422 0.633333 0.072656 0.261111
0 0.434375 0.320139 0.040625 0.084722
0 0.848437 0.701389 0.090625 0.244444
0 0.317969 0.425694 0.051562 0.148611
0 0.503906 0.388889 0.042188 0.100000
0 0.551172 0.276389 0.039844 0.147222
0 0.371875 0.482639 0.056250 0.162500
0 0.581250 0.278472 0.037500 0.101389
0 0.260547 0.515972 0.066406 0.212500
0 0.131250 0.558333 0.056250 0.111111
0 0.152344 0.403472 0.045312 0.248611
0 0.140234 0.878472 0.052344 0.151389
0 0.179297 0.947569 0.042969 0.103472
