0 0.889453 0.487500 0.055469 0.144444
0 0.470313 0.363194 0.043750 0.090278
0 0.067578 0.541667 0.044531 0.122222
0 0.539062 0.394444 0.046875 0.116667
0 0.417969 0.502778 0.073438 0.177778
0 0.727734 0.548611 0.074219 0.152778
0 0.505469 0.390278 0.035937 0.097222
0 0.352734 0.318056 0.047656 0.102778
0 0.610938 0.288889 0.050000 0.113889
0 0.436328 0.326389 0.042969 0.080556
0 0.854297 0.701389 0.094531 0.247222
0 0.784766 0.504167 0.058594 0.091667
0 0.315625 0.426389 0.056250 0.147222
0 0.376172 0.438889 0.075781 0.172222
0 0.577734 0.275694 0.030469 0.098611
0 0.158594 0.380556 0.029687 0.233333
0 0.552344 0.275694 0.039062 0.143056
0 0.121875 0.591667 0.046875 0.155556
0 0.258203 0.413194 0.049219 0.143056
0 0.168750 0.895139 0.098437 0.070833
0 0.189062 0.952431 0.070312 0.093750
0 0.573828 0.459028 0.072656 0.062500
