0 0.726562 0.546528 0.081250 0.162500
0 0.316406 0.413194 0.051562 0.120833
0 0.469141 0.354167 0.041406 0.097222
0 0.615234 0.284028 0.044531 0.112500
0 0.420703 0.504167 0.072656 0.172222
0 0.349609 0.323611 0.047656 0.108333
0 0.775391 0.497917 0.072656 0.115278
0 0.178125 0.881944 0.084375 0.169444
0 0.678516 0.325000 0.061719 0.261111
0 0.506250 0.386111 0.034375 0.094444
0 0.579297 0.278472 0.035156 0.101389
0 0.554688 0.390278 0.065625 0.125000
0 0.067969 0.539583 0.045312 0.118056
0 0.378906 0.479167 0.045312 0.152778
0 0.189062 0.958681 0.082812 0.081250
0 0.551562 0.273611 0.037500 0.138889
0 0.882422 0.630556 0.067969 0.216667
0 0.569531 0.445139 0.064062 0.095833
0 0.128906 0.563889 0.054688 0.111111
0 0.054297 0.490278 0.028906 0.125000
0 0.825000 0.731944 0.115625 0.147222
0 0.432812 0.334722 0.034375 0.066667
