0 0.769141 0.482639 0.055469 0.137500
0 0.728125 0.550694 0.081250 0.159722
0 0.421094 0.502778 0.075000 0.177778
0 0.548828 0.390972 0.050781 0.126389
0 0.909766 0.617361 0.063281 0.265278
0 0.616797 0.286111 0.042969 0.116667
0 0.505078 0.389583 0.036719 0.095833
0 0.349219 0.322917 0.048438 0.101389
0 0.316406 0.414583 0.051562 0.118056
0 0.642969 0.530556 0.073438 0.266667
0 0.370703 0.478472 0.055469 0.162500
0 0.551953 0.270833 0.039844 0.136111
0 0.826562 0.733333 0.118750 0.141667
0 0.187500 0.960764 0.084375 0.077083
0 0.174219 0.919444 0.095312 0.158333
0 0.569531 0.440278 0.067187 0.105556
0 0.582031 0.280556 0.039062 0.100000
0 0.127344 0.563889 0.054688 0.111111
0 0.453516 0.359028 0.063281 0.095833
0 0.046875 0.465972 0.035937 0.076389
0 0.065234 0.538889 0.033594 0.105556
