0 0.708594 0.548611 0.064062 0.158333
0 0.788672 0.487500 0.086719 0.163889
0 0.419531 0.502778 0.073438 0.172222
0 0.346875 0.324306 0.046875 0.101389
0 0.475000 0.354167 0.050000 0.102778
0 0.614844 0.287500 0.045312 0.119444
0 0.067578 0.538194 0.044531 0.120833
0 0.314844 0.411111 0.048438 0.122222
0 0.505469 0.386806 0.037500 0.098611
0 0.174609 0.913194 0.089844 0.165278
0 0.431641 0.334028 0.042969 0.073611
0 0.376563 0.477778 0.046875 0.155556
0 0.557031 0.385417 0.035937 0.098611
0 0.180469 0.959375 0.089063 0.079861
0 0.572656 0.270139 0.035937 0.098611
0 0.128906 0.564583 0.057813 0.109722
0 0.544531 0.259028 0.026562 0.115278
0 0.857422 0.632639 0.099219 0.237500
0 0.055078 0.487500 0.032031 0.108333
0 0.820703 0.735417 0.110156 0.143056
0 0.569141 0.445833 0.066406 0.097222
0 0.923047 0.501389 0.039844 0.100000
