0 0.547656 0.390278 0.051562 0.130556
0 0.726172 0.550000 0.078906 0.155556
0 0.351172 0.322222 0.046094 0.111111
0 0.618750 0.286111 0.043750 0.116667
0 0.778906 0.479167 0.070312 0.147222
0 0.908594 0.629167 0.073438 0.252778
0 0.503125 0.389583 0.037500 0.095833
0 0.420312 0.508333 0.071875 0.166667
0 0.067969 0.538194 0.045312 0.123611
0 0.581641 0.279167 0.039844 0.102778
0 0.185938 0.960764 0.087500 0.077083
0 0.551953 0.269444 0.038281 0.133333
0 0.432812 0.334028 0.035937 0.062500
0 0.383594 0.465278 0.039062 0.169444
0 0.173828 0.920139 0.094531 0.156944
0 0.819531 0.727778 0.104688 0.211111
0 0.274219 0.471528 0.082812 0.245833
0 0.321094 0.415972 0.039062 0.112500
0 0.046094 0.484722 0.029687 0.125000
0 0.567969 0.443056 0.064062 0.097222
0 0.127734 0.568056 0.053906 0.113889
