0 0.781250 0.479861 0.071875 0.148611
0 0.468359 0.360417 0.038281 0.095833
0 0.722656 0.556944 0.076563 0.144444
0 0.539844 0.400000 0.045312 0.133333
0 0.068359 0.540972 0.044531 0.120833
0 0.613672 0.288889 0.044531 0.111111
0 0.899219 0.475000 0.057813 0.172222
0 0.351562 0.322222 0.043750 0.111111
0 0.296094 0.298611 0.042188 0.169444
0 0.422656 0.501389 0.070312 0.180556
0 0.500391 0.386806 0.036719 0.095833
0 0.430469 0.329167 0.032813 0.097222
0 0.580469 0.278472 0.035937 0.101389
0 0.552344 0.275694 0.037500 0.145833
0 0.317969 0.426389 0.056250 0.152778
0 0.822656 0.754861 0.120313 0.193056
0 0.275391 0.351389 0.030469 0.086111
0 0.258203 0.412500 0.042969 0.141667
0 0.588672 0.422222 0.058594 0.144444
0 0.148047 0.881944 0.049219 0.111111
0 0.174219 0.943403 0.040625 0.111806
0 0.126172 0.554167 0.055469 0.075000
