0 0.472336 0.355014 0.044642 0.084182
0 0.727907 0.549983 0.100869 0.152458
0 0.437174 0.328167 0.038857 0.080161
0 0.788804 0.482279 0.091533 0.143110
0 0.384915 0.480185 0.045627 0.158390
0 0.181237 0.893420 0.072801 0.185148
0 0.430358 0.515143 0.079006 0.193620
0 0.311363 0.407808 0.045545 0.134143
0 0.892490 0.419093 0.052474 0.248906
0 0.625551 0.602088 0.085708 0.203125
0 0.535403 0.407056 0.053840 0.115469
0 0.597928 0.290770 0.040409 0.115566
0 0.885784 0.629884 0.083660 0.281179
0 0.852735 0.402401 0.041315 0.229513
0 0.122236 0.592370 0.050749 0.161305
0 0.591099 0.443209 0.068435 0.170999
0 0.539918 0.267336 0.028498 0.124360
0 0.056962 0.546140 0.054450 0.117285
0 0.218717 0.947975 0.098007 0.104049
0 0.050033 0.488292 0.048983 0.103371
0 0.836818 0.765882 0.075311 0.210354
0 0.566980 0.274525 0.029912 0.091494
