0 0.703346 0.539343 0.071247 0.181393
0 0.539882 0.400284 0.046752 0.126887
0 0.442659 0.519168 0.075611 0.197901
0 0.501360 0.387967 0.039508 0.096285
0 0.472512 0.358061 0.045408 0.096555
0 0.776177 0.499119 0.070151 0.163272
0 0.898094 0.641452 0.065875 0.266354
0 0.436684 0.323008 0.043384 0.080099
0 0.845678 0.425320 0.090147 0.206665
0 0.310854 0.418264 0.044750 0.126847
0 0.374199 0.477273 0.047208 0.160283
0 0.614580 0.599066 0.073044 0.226153
0 0.143009 0.592076 0.077225 0.179004
0 0.167010 0.905349 0.096427 0.167942
0 0.826517 0.822541 0.120170 0.336225
0 0.061255 0.515280 0.054962 0.168473
0 0.591633 0.477081 0.068590 0.269283
0 0.548862 0.278068 0.051540 0.149446
0 0.176143 0.951969 0.054847 0.096062
