0 0.781175 0.489885 0.070748 0.157390
0 0.614214 0.608955 0.076248 0.201565
0 0.721001 0.544804 0.057088 0.152776
0 0.306099 0.416506 0.035301 0.128069
0 0.134018 0.646980 0.067749 0.220674
0 0.884422 0.631499 0.073083 0.271467
0 0.071524 0.527232 0.051676 0.135602
0 0.395629 0.467032 0.076687 0.280479
0 0.254429 0.925250 0.091981 0.148554
0 0.440703 0.326838 0.042788 0.073686
0 0.584281 0.276575 0.034897 0.100921
0 0.040150 0.517712 0.037571 0.154758
0 0.168149 0.897423 0.088553 0.198671
0 0.571989 0.438508 0.070678 0.123258
0 0.616020 0.291153 0.048653 0.125916
0 0.547284 0.260116 0.031987 0.122458
0 0.539109 0.395375 0.036192 0.107844
0 0.477510 0.354811 0.034616 0.065240
