0 0.725779 0.546035 0.081326 0.160571
0 0.347618 0.325406 0.047243 0.108502
0 0.468721 0.354365 0.041780 0.096857
0 0.420872 0.504240 0.072869 0.174466
0 0.068791 0.537582 0.046088 0.119381
0 0.615623 0.283680 0.044680 0.110861
0 0.315977 0.414489 0.052124 0.118020
0 0.554279 0.390644 0.064311 0.125699
0 0.674573 0.330306 0.069892 0.249135
0 0.773560 0.498541 0.068069 0.113956
0 0.379391 0.478908 0.042144 0.157092
0 0.579603 0.278840 0.035548 0.102884
0 0.551206 0.272399 0.038742 0.137048
0 0.506350 0.386801 0.034856 0.095054
0 0.170994 0.889065 0.100391 0.170258
0 0.189191 0.958776 0.082693 0.082448
0 0.884625 0.630034 0.061314 0.210884
0 0.569356 0.445645 0.065911 0.095782
0 0.128974 0.563611 0.054933 0.110591
0 0.825187 0.736089 0.115546 0.136067
0 0.832484 0.664881 0.131421 0.275323
