0 0.792081 0.483015 0.081862 0.147000
0 0.722517 0.556410 0.077282 0.145788
0 0.069133 0.538231 0.044601 0.125830
0 0.613510 0.290576 0.043150 0.111747
0 0.417210 0.502660 0.078148 0.180347
0 0.541044 0.400544 0.046649 0.140055
0 0.475774 0.358545 0.038078 0.101488
0 0.900032 0.500419 0.067718 0.137206
0 0.430635 0.326430 0.037685 0.087776
0 0.351264 0.319905 0.047451 0.101456
0 0.817222 0.812148 0.115620 0.345848
0 0.505654 0.387993 0.034073 0.099892
0 0.539994 0.298467 0.061086 0.174471
0 0.197379 0.956692 0.077331 0.086615
0 0.182135 0.880474 0.081213 0.149602
0 0.591704 0.421695 0.057525 0.148635
0 0.130939 0.557593 0.052072 0.101600
0 0.292480 0.356219 0.035778 0.081002
0 0.548510 0.229492 0.017395 0.056491
0 0.310957 0.409688 0.070208 0.184411
0 0.589707 0.486714 0.062036 0.273995
0 0.576872 0.274071 0.030779 0.102332
