0 0.786426 0.491156 0.090280 0.178904
0 0.630269 0.601147 0.101609 0.219193
0 0.698042 0.555586 0.066213 0.178726
0 0.345568 0.326695 0.045668 0.107169
0 0.382695 0.478618 0.045274 0.158585
0 0.429758 0.511461 0.079893 0.190375
0 0.315897 0.414186 0.051345 0.120340
0 0.611313 0.288140 0.049562 0.117606
0 0.072045 0.534389 0.045490 0.123377
0 0.422886 0.330761 0.037855 0.082852
0 0.575671 0.272253 0.031583 0.093539
0 0.842678 0.759764 0.083350 0.212683
0 0.054084 0.495955 0.035610 0.129951
0 0.472591 0.361211 0.035096 0.090894
0 0.569521 0.441167 0.065036 0.103971
0 0.544288 0.384990 0.045429 0.097682
0 0.853181 0.644543 0.099792 0.206937
0 0.547351 0.276619 0.048507 0.141779
0 0.497964 0.382310 0.038554 0.097198
0 0.130327 0.567382 0.064423 0.120235
0 0.886169 0.641154 0.041467 0.154769
0 0.173007 0.926093 0.103361 0.147814
