0 0.792026 0.479576 0.081356 0.150922
0 0.723830 0.551344 0.076133 0.152689
0 0.069401 0.538930 0.044556 0.120759
0 0.904581 0.489687 0.057599 0.152721
0 0.612616 0.290285 0.043883 0.110943
0 0.504159 0.382863 0.034568 0.091180
0 0.353990 0.319478 0.047221 0.093269
0 0.532687 0.398216 0.055567 0.139314
0 0.438410 0.321154 0.030792 0.086325
0 0.816720 0.815061 0.114304 0.351805
0 0.130522 0.557049 0.053539 0.104590
0 0.575859 0.274529 0.033452 0.100725
0 0.462695 0.354622 0.028866 0.100835
0 0.590857 0.422072 0.059081 0.150660
0 0.417424 0.520123 0.078984 0.180056
0 0.104489 0.371370 0.030617 0.158072
0 0.291694 0.354822 0.031640 0.083896
0 0.312100 0.408918 0.072094 0.188258
0 0.169657 0.868471 0.078636 0.143659
0 0.548536 0.276170 0.045953 0.149005
