0 0.644025 0.592066 0.106351 0.219462
0 0.597285 0.288352 0.040946 0.117777
0 0.877183 0.422045 0.059093 0.227441
0 0.434502 0.330006 0.041125 0.086714
0 0.784839 0.501396 0.102108 0.149773
0 0.312446 0.411443 0.044261 0.126853
0 0.539602 0.401125 0.053219 0.132382
0 0.426194 0.509922 0.073684 0.178537
0 0.182045 0.886849 0.075083 0.190217
0 0.480871 0.350142 0.034230 0.082043
0 0.048866 0.521260 0.055235 0.164660
0 0.384909 0.481960 0.041865 0.159257
0 0.722137 0.536058 0.065956 0.169064
0 0.594491 0.448070 0.061579 0.175504
0 0.845736 0.411723 0.060860 0.201906
0 0.545697 0.268161 0.039804 0.125060
0 0.124165 0.592048 0.050385 0.169332
0 0.227437 0.947460 0.080745 0.105081
0 0.878831 0.609689 0.078509 0.207448
