0 0.730797 0.538519 0.061437 0.151749
0 0.538994 0.400178 0.049452 0.126567
0 0.464772 0.363605 0.044622 0.091253
0 0.434773 0.323517 0.039864 0.083287
0 0.309734 0.418189 0.046728 0.125560
0 0.502783 0.388350 0.033020 0.092221
0 0.185434 0.961123 0.072930 0.077753
0 0.779678 0.492541 0.063553 0.143222
0 0.636918 0.431547 0.086046 0.343194
0 0.141643 0.591136 0.068844 0.173744
0 0.167546 0.895327 0.097288 0.158285
0 0.435881 0.523534 0.077633 0.172228
0 0.920013 0.605550 0.068332 0.263053
0 0.585328 0.419247 0.061924 0.147582
0 0.548308 0.277938 0.049345 0.151983
0 0.824902 0.820053 0.113256 0.332616
0 0.059751 0.516404 0.051850 0.166553
0 0.068060 0.538722 0.042720 0.115457
0 0.624786 0.578180 0.069975 0.169032
0 0.382408 0.475047 0.041201 0.161409
0 0.580829 0.282315 0.043321 0.113573
