0 0.708671 0.533702 0.061216 0.147267
0 0.598205 0.286951 0.042470 0.119408
0 0.440309 0.523122 0.078308 0.182978
0 0.882162 0.634555 0.080121 0.258956
0 0.824697 0.750536 0.087622 0.214349
0 0.466988 0.365393 0.031128 0.081843
0 0.546653 0.402428 0.044656 0.124469
0 0.501386 0.387491 0.036260 0.096711
0 0.423321 0.321523 0.053010 0.093817
0 0.804429 0.416390 0.065092 0.193102
0 0.163304 0.924760 0.089558 0.150481
0 0.661182 0.581047 0.092615 0.166284
0 0.123716 0.619890 0.063896 0.201387
0 0.299051 0.420884 0.061483 0.133418
0 0.058097 0.542493 0.042657 0.121138
0 0.585445 0.419928 0.056434 0.143746
0 0.788032 0.492341 0.096691 0.171977
0 0.068577 0.479758 0.033923 0.109004
0 0.229962 0.940090 0.071817 0.119820
0 0.385525 0.482573 0.045361 0.155238
0 0.543953 0.259432 0.031657 0.119877
0 0.391571 0.457149 0.033616 0.102505
