0 0.468449 0.362974 0.038346 0.092452
0 0.539047 0.400041 0.049421 0.121735
0 0.777607 0.495181 0.066657 0.148677
0 0.724318 0.433301 0.080597 0.236672
0 0.434846 0.327022 0.039726 0.081464
0 0.726484 0.543666 0.053892 0.140993
0 0.916935 0.601537 0.066466 0.253990
0 0.183795 0.962176 0.073027 0.075649
0 0.439686 0.520931 0.075989 0.172954
0 0.312715 0.414807 0.046407 0.123958
0 0.503078 0.388028 0.030846 0.093683
0 0.168203 0.903813 0.097668 0.155020
0 0.819890 0.821020 0.102365 0.329204
0 0.582200 0.427874 0.064748 0.126096
0 0.061165 0.515548 0.054739 0.170595
0 0.143709 0.597621 0.072826 0.178753
0 0.548434 0.277013 0.050685 0.149099
0 0.611012 0.599095 0.065567 0.223530
0 0.382992 0.477377 0.051376 0.157845
