0 0.781883 0.484456 0.070235 0.137984
0 0.470078 0.362738 0.043667 0.090800
0 0.721454 0.547611 0.070826 0.159355
0 0.420055 0.504251 0.072752 0.175149
0 0.887125 0.483026 0.062833 0.154043
0 0.067299 0.542076 0.044591 0.118150
0 0.618248 0.291041 0.041183 0.107750
0 0.538554 0.389776 0.046125 0.109743
0 0.504091 0.387311 0.041937 0.099011
0 0.352117 0.322600 0.047255 0.093416
0 0.433382 0.333005 0.035511 0.087922
0 0.317098 0.426089 0.051441 0.147624
0 0.379135 0.468663 0.042866 0.172842
0 0.258513 0.484766 0.066747 0.213157
0 0.576598 0.272527 0.033194 0.096951
0 0.849808 0.700950 0.092702 0.247655
0 0.204073 0.377191 0.033633 0.255743
0 0.131241 0.559359 0.057136 0.111366
0 0.550566 0.277321 0.038310 0.149911
0 0.141115 0.612767 0.081406 0.220065
0 0.175574 0.901679 0.080909 0.153634
