0 0.764581 0.495700 0.058616 0.138972
0 0.646186 0.590819 0.075133 0.187781
0 0.469258 0.363978 0.033796 0.082074
0 0.598319 0.289127 0.042176 0.115345
0 0.723813 0.537556 0.077737 0.168331
0 0.308255 0.409049 0.037735 0.140515
0 0.429545 0.513210 0.076219 0.190660
0 0.550798 0.399890 0.048307 0.131195
0 0.378642 0.471831 0.043612 0.165262
0 0.434412 0.332705 0.036714 0.076664
0 0.880235 0.644245 0.077621 0.243725
0 0.517544 0.391683 0.035621 0.098346
0 0.574799 0.274217 0.027017 0.101581
0 0.591642 0.497347 0.068790 0.281998
0 0.067414 0.492020 0.044130 0.134949
0 0.157557 0.904567 0.074259 0.149075
0 0.117177 0.589379 0.049542 0.142237
0 0.838680 0.755956 0.083167 0.212944
0 0.213419 0.944752 0.073597 0.110496
0 0.544132 0.265137 0.031273 0.123340
