0 0.787575 0.491475 0.092404 0.180678
0 0.630420 0.599635 0.105555 0.226125
0 0.344606 0.325899 0.045111 0.101781
0 0.693275 0.553292 0.079288 0.185208
0 0.379783 0.477823 0.044223 0.157784
0 0.428754 0.511120 0.076751 0.191804
0 0.315549 0.413567 0.052087 0.119577
0 0.547661 0.383242 0.044031 0.105145
0 0.472083 0.357009 0.034406 0.085438
0 0.424959 0.329523 0.034861 0.080158
0 0.068522 0.533756 0.046786 0.127645
0 0.844045 0.760536 0.082736 0.212362
0 0.625152 0.292512 0.040659 0.098539
0 0.546497 0.273867 0.046651 0.136403
0 0.569765 0.437320 0.065553 0.112237
0 0.504998 0.389398 0.031011 0.095711
0 0.578894 0.278583 0.040981 0.109551
0 0.175363 0.926623 0.103151 0.146755
0 0.139867 0.615313 0.085090 0.228131
0 0.132744 0.564570 0.069122 0.124917
0 0.858196 0.650035 0.112006 0.233982
0 0.054408 0.491259 0.034359 0.118838
0 0.891356 0.630017 0.046741 0.183480
