0 0.473468 0.355264 0.045498 0.084025
0 0.591149 0.445102 0.068813 0.177940
0 0.216767 0.935464 0.098443 0.129072
0 0.436967 0.324959 0.038735 0.083388
0 0.882302 0.644364 0.085624 0.267778
0 0.785465 0.430570 0.066749 0.225616
0 0.432225 0.514654 0.076967 0.193125
0 0.386412 0.481804 0.048841 0.161336
0 0.306001 0.417203 0.039188 0.140693
0 0.163967 0.919018 0.087228 0.159537
0 0.535545 0.407626 0.054765 0.114352
0 0.852919 0.404097 0.040566 0.229800
0 0.892872 0.366448 0.048524 0.143829
0 0.641786 0.597968 0.090918 0.193995
0 0.894752 0.470492 0.050140 0.168541
0 0.052926 0.520345 0.059347 0.165952
0 0.816428 0.815150 0.114794 0.348636
0 0.604761 0.300461 0.057935 0.107916
0 0.121301 0.589884 0.044652 0.155255
0 0.568217 0.270461 0.028958 0.090081
