0 0.466108 0.366375 0.039303 0.084860
0 0.599467 0.289367 0.041276 0.114014
0 0.302023 0.417800 0.054587 0.129366
0 0.731742 0.538975 0.084672 0.164259
0 0.788713 0.489085 0.087489 0.139843
0 0.543918 0.400188 0.040045 0.115418
0 0.502338 0.385743 0.033317 0.098531
0 0.069642 0.538279 0.040692 0.116331
0 0.190061 0.963326 0.076766 0.073348
0 0.735335 0.409782 0.053579 0.185568
0 0.383777 0.453927 0.048179 0.138982
0 0.123487 0.580634 0.052763 0.137665
0 0.887773 0.627378 0.078767 0.270585
0 0.429720 0.327131 0.039543 0.079301
0 0.832821 0.757608 0.077940 0.205765
0 0.432603 0.537259 0.077848 0.235591
0 0.164607 0.909888 0.080576 0.139907
0 0.575981 0.502318 0.080494 0.251379
0 0.572570 0.277351 0.034022 0.106791
0 0.623444 0.600892 0.092664 0.221801
0 0.055542 0.493080 0.037653 0.123872
0 0.546831 0.268749 0.046478 0.136857
0 0.577962 0.440718 0.070630 0.128711
