0 0.704453 0.544796 0.060554 0.168210
0 0.790648 0.495286 0.083435 0.147783
0 0.472275 0.355025 0.044761 0.082912
0 0.637416 0.598999 0.100026 0.213926
0 0.533379 0.402900 0.057771 0.124235
0 0.385181 0.480652 0.044409 0.158849
0 0.591399 0.447880 0.069107 0.172959
0 0.180700 0.893985 0.075080 0.181616
0 0.597112 0.290131 0.040903 0.114457
0 0.439204 0.327877 0.038612 0.079736
0 0.430894 0.516309 0.079703 0.193334
0 0.894025 0.422703 0.052536 0.257066
0 0.311818 0.409874 0.043181 0.126720
0 0.850214 0.400660 0.040000 0.229878
0 0.877219 0.635447 0.076564 0.269854
0 0.122428 0.590390 0.050674 0.162441
0 0.540066 0.268015 0.028448 0.124757
0 0.807247 0.814300 0.146540 0.324254
0 0.053139 0.521057 0.059155 0.167838
0 0.218777 0.948297 0.097265 0.103407
