0 0.432621 0.517428 0.084960 0.190147
0 0.789395 0.485202 0.092216 0.154495
0 0.722677 0.537748 0.077283 0.147591
0 0.470651 0.366995 0.035403 0.084869
0 0.541549 0.396642 0.036045 0.120296
0 0.883101 0.633716 0.079660 0.256932
0 0.068969 0.537377 0.043667 0.121660
0 0.315371 0.412336 0.054470 0.150087
0 0.661368 0.472179 0.092992 0.221089
0 0.607202 0.289511 0.041344 0.112036
0 0.504677 0.389637 0.032567 0.093544
0 0.825118 0.754334 0.087439 0.208908
0 0.187143 0.962914 0.075355 0.074172
0 0.434107 0.329835 0.040153 0.087626
0 0.551948 0.272234 0.034258 0.139503
0 0.121590 0.591802 0.056300 0.144489
0 0.576802 0.274205 0.031105 0.096705
0 0.159324 0.899879 0.085206 0.145118
0 0.663185 0.572496 0.089711 0.150657
0 0.383169 0.449831 0.032098 0.092725
0 0.576151 0.502434 0.076107 0.264082
0 0.573545 0.431422 0.061697 0.123073
0 0.380533 0.479193 0.039737 0.161584
0 0.065395 0.482667 0.037847 0.119429
