0 0.437098 0.326681 0.036522 0.085132
0 0.631047 0.595112 0.090352 0.219470
0 0.473433 0.354293 0.046025 0.084447
0 0.306660 0.413943 0.042178 0.153445
0 0.893282 0.424903 0.053934 0.251918
0 0.216339 0.934046 0.101706 0.131909
0 0.535745 0.407130 0.054273 0.113306
0 0.883256 0.650367 0.085282 0.249055
0 0.419771 0.501577 0.075292 0.176227
0 0.852949 0.404064 0.039705 0.231133
0 0.591174 0.436307 0.067629 0.158867
0 0.380617 0.480885 0.039013 0.157437
0 0.162801 0.917342 0.085923 0.156146
0 0.576773 0.277983 0.029141 0.099834
0 0.051884 0.520511 0.056730 0.163629
0 0.820102 0.819424 0.118804 0.348484
0 0.609651 0.320098 0.060291 0.157725
0 0.120186 0.594961 0.046709 0.159598
0 0.540918 0.269535 0.031705 0.129636
