0 0.776232 0.500983 0.070547 0.159494
0 0.471980 0.356689 0.045679 0.097190
0 0.442169 0.514278 0.069369 0.199613
0 0.619256 0.599774 0.086966 0.225855
0 0.501663 0.387195 0.038546 0.097222
0 0.541353 0.400786 0.048226 0.129585
0 0.700866 0.542040 0.059331 0.194553
0 0.438286 0.323527 0.044796 0.087826
0 0.915669 0.609365 0.072707 0.278534
0 0.376182 0.477918 0.039731 0.159934
0 0.143386 0.592059 0.076495 0.177843
0 0.311846 0.418189 0.044628 0.127780
0 0.165822 0.910564 0.095469 0.171333
0 0.685118 0.440463 0.062336 0.293552
0 0.169320 0.951268 0.050073 0.097465
0 0.830016 0.827985 0.127715 0.328508
0 0.059187 0.516028 0.053094 0.167517
0 0.067868 0.538728 0.042621 0.118180
0 0.552757 0.277193 0.058453 0.150463
0 0.608902 0.420115 0.095011 0.165903
0 0.052772 0.488666 0.035212 0.111256
