0 0.780565 0.489798 0.074005 0.165142
0 0.705912 0.541565 0.051751 0.162645
0 0.435143 0.329290 0.042607 0.086885
0 0.597848 0.288209 0.044638 0.119340
0 0.398393 0.494424 0.069371 0.191011
0 0.548795 0.393300 0.046373 0.132520
0 0.307365 0.414677 0.039568 0.138051
0 0.826204 0.414801 0.050750 0.183508
0 0.622986 0.608084 0.081630 0.201572
0 0.886860 0.608554 0.071975 0.236842
0 0.072457 0.533889 0.052168 0.127305
0 0.156969 0.871917 0.085221 0.231846
0 0.481001 0.359253 0.035774 0.066684
0 0.040753 0.516820 0.037108 0.152881
0 0.550949 0.259151 0.029057 0.115945
0 0.115463 0.601945 0.060615 0.159937
0 0.235545 0.939673 0.075350 0.114593
0 0.981784 0.529068 0.036432 0.274328
0 0.583748 0.437620 0.079062 0.154972
0 0.579778 0.496794 0.091618 0.269945
