0 0.780400 0.493460 0.106903 0.175730
0 0.691472 0.546949 0.064424 0.172830
0 0.347697 0.325789 0.047609 0.102069
0 0.316138 0.412817 0.050585 0.122467
0 0.377911 0.477565 0.043956 0.160733
0 0.622593 0.596880 0.080818 0.220714
0 0.427873 0.505970 0.073371 0.183489
0 0.916703 0.619301 0.065908 0.257177
0 0.474229 0.361099 0.033419 0.089767
0 0.621530 0.293302 0.040467 0.106145
0 0.502105 0.388927 0.031867 0.097541
0 0.828788 0.828536 0.119181 0.342927
0 0.421659 0.328738 0.042429 0.082325
0 0.569589 0.437079 0.064210 0.111807
0 0.548726 0.276306 0.050001 0.140641
0 0.068898 0.538173 0.040002 0.117636
0 0.058353 0.513750 0.054498 0.173071
0 0.555600 0.383618 0.036650 0.087591
0 0.131136 0.581484 0.065647 0.149102
0 0.582900 0.279339 0.037608 0.101371
