0 0.707404 0.545377 0.063995 0.159212
0 0.472081 0.353537 0.045279 0.103692
0 0.779375 0.485521 0.072069 0.170886
0 0.419560 0.504886 0.071684 0.172383
0 0.613576 0.286193 0.046694 0.114400
0 0.434991 0.330623 0.037725 0.083166
0 0.315445 0.412284 0.050228 0.121602
0 0.066913 0.537403 0.046781 0.122289
0 0.349961 0.324008 0.048391 0.098998
0 0.505466 0.387965 0.035167 0.099616
0 0.174376 0.914048 0.089164 0.165511
0 0.375511 0.476684 0.043560 0.153575
0 0.578503 0.274227 0.031683 0.091341
0 0.177634 0.960094 0.087788 0.079811
0 0.560727 0.380525 0.043497 0.107049
0 0.547125 0.259052 0.036277 0.113831
0 0.127330 0.562760 0.058166 0.105816
0 0.820924 0.736165 0.111773 0.145191
0 0.836777 0.658176 0.141715 0.272298
0 0.569713 0.444994 0.066880 0.097625
0 0.053583 0.486055 0.029646 0.108308
