0 0.467630 0.366276 0.037032 0.085913
0 0.790516 0.481869 0.089207 0.149901
0 0.435223 0.522071 0.084101 0.200476
0 0.434954 0.329705 0.035903 0.085389
0 0.729421 0.530666 0.081996 0.143876
0 0.068031 0.539440 0.041687 0.116672
0 0.696432 0.430992 0.089542 0.188335
0 0.542533 0.397992 0.037713 0.120455
0 0.890485 0.632953 0.076548 0.262537
0 0.303630 0.421778 0.054529 0.135717
0 0.824889 0.752593 0.086831 0.207695
0 0.187126 0.963316 0.076207 0.073368
0 0.503242 0.388589 0.034696 0.096641
0 0.576891 0.504033 0.076900 0.254611
0 0.161861 0.901486 0.087384 0.177710
0 0.121673 0.590932 0.054963 0.144329
0 0.380107 0.479871 0.038160 0.156607
0 0.551004 0.273692 0.034540 0.142305
0 0.654309 0.600036 0.121775 0.201143
0 0.593540 0.287539 0.050496 0.114572
0 0.578815 0.448063 0.068821 0.139936
0 0.571428 0.268554 0.027549 0.087509
0 0.676343 0.574837 0.079286 0.141966
