0 0.790524 0.489091 0.087473 0.157926
0 0.715189 0.543000 0.071386 0.169524
0 0.536212 0.404341 0.055558 0.128619
0 0.597570 0.288502 0.041292 0.117172
0 0.312089 0.410639 0.045184 0.131407
0 0.434018 0.325344 0.038532 0.075202
0 0.628405 0.611615 0.096903 0.201358
0 0.183218 0.880229 0.075231 0.190273
0 0.425973 0.506668 0.072573 0.177714
0 0.881301 0.415087 0.062232 0.230892
0 0.384811 0.482706 0.043457 0.161067
0 0.485665 0.348780 0.042245 0.090234
0 0.878009 0.639842 0.088808 0.265066
0 0.595239 0.442714 0.060432 0.166109
0 0.854345 0.413323 0.065955 0.197710
0 0.231718 0.545996 0.064908 0.315940
0 0.119491 0.613653 0.056050 0.196798
0 0.546214 0.268751 0.040961 0.125995
0 0.223073 0.948378 0.084556 0.103244
0 0.053320 0.545589 0.045525 0.120558
