0 0.465543 0.364644 0.035262 0.085441
0 0.434268 0.521434 0.086689 0.203184
0 0.598370 0.288508 0.039367 0.118204
0 0.302245 0.416127 0.055933 0.126426
0 0.728510 0.539751 0.084395 0.162717
0 0.788470 0.490701 0.090078 0.141489
0 0.499936 0.386951 0.038048 0.099229
0 0.824645 0.752805 0.086854 0.206353
0 0.432624 0.331183 0.036003 0.090839
0 0.664708 0.573963 0.072854 0.145490
0 0.910368 0.626894 0.066331 0.225758
0 0.190102 0.962316 0.074622 0.075369
0 0.379832 0.480508 0.043589 0.158092
0 0.124086 0.574053 0.053702 0.121647
0 0.069556 0.538567 0.041514 0.116101
0 0.553638 0.515146 0.095045 0.401626
0 0.537160 0.392526 0.030757 0.100131
0 0.552155 0.262244 0.031943 0.109518
0 0.055462 0.490328 0.036054 0.120430
0 0.575303 0.272571 0.028343 0.092180
0 0.061667 0.513643 0.053612 0.169305
0 0.164489 0.916652 0.083543 0.149819
