0 0.785958 0.490940 0.089611 0.174845
0 0.346028 0.325961 0.046423 0.107947
0 0.419226 0.503520 0.073841 0.175701
0 0.470939 0.361069 0.034837 0.090398
0 0.686635 0.557974 0.066442 0.165924
0 0.918040 0.594260 0.077375 0.263559
0 0.525055 0.397674 0.063225 0.118697
0 0.316452 0.414078 0.052158 0.118836
0 0.629949 0.590522 0.068939 0.211654
0 0.496692 0.381305 0.040217 0.081851
0 0.072547 0.530707 0.042655 0.131446
0 0.376126 0.478496 0.039794 0.159038
0 0.547735 0.276859 0.046611 0.142536
0 0.570473 0.436973 0.065583 0.113779
0 0.177135 0.916695 0.092683 0.155703
0 0.624861 0.291819 0.040205 0.098008
0 0.052671 0.495568 0.031817 0.127536
0 0.840445 0.755531 0.076998 0.211582
0 0.183943 0.958978 0.082650 0.082044
0 0.582893 0.280830 0.041566 0.105137
0 0.429848 0.342247 0.037047 0.068429
