0 0.068251 0.539804 0.042010 0.117200
0 0.466523 0.365169 0.038209 0.087562
0 0.599416 0.290977 0.039760 0.115036
0 0.302016 0.416629 0.055638 0.127068
0 0.788290 0.497695 0.090293 0.129733
0 0.502096 0.387299 0.035372 0.099446
0 0.824914 0.751942 0.087264 0.211251
0 0.432968 0.332722 0.035661 0.092120
0 0.667849 0.576053 0.075331 0.144081
0 0.732130 0.536604 0.083044 0.154804
0 0.574111 0.270156 0.029698 0.094454
0 0.905585 0.623045 0.082615 0.273432
0 0.124101 0.573911 0.054529 0.121871
0 0.541418 0.392279 0.034249 0.126508
0 0.562881 0.515351 0.074455 0.394508
0 0.552953 0.262869 0.033308 0.110884
0 0.430515 0.522907 0.085221 0.192780
0 0.379270 0.479718 0.040263 0.156156
0 0.041929 0.490301 0.034802 0.121599
