0 0.789328 0.485788 0.091910 0.154594
0 0.723031 0.535352 0.074738 0.148695
0 0.541527 0.396618 0.035761 0.122493
0 0.431159 0.517430 0.084070 0.188994
0 0.884488 0.630058 0.080817 0.261839
0 0.467541 0.364827 0.030893 0.080254
0 0.657122 0.471436 0.079398 0.221061
0 0.610191 0.289699 0.040198 0.105979
0 0.315450 0.411088 0.053945 0.148247
0 0.504052 0.389871 0.033335 0.093757
0 0.186586 0.962768 0.074375 0.074465
0 0.825043 0.753599 0.087040 0.208965
0 0.553377 0.273359 0.036622 0.138807
0 0.432170 0.327440 0.041837 0.084105
0 0.578226 0.278061 0.032310 0.101805
0 0.120971 0.591874 0.056566 0.146063
0 0.070383 0.485423 0.041450 0.124492
0 0.161538 0.894610 0.086866 0.130286
0 0.664310 0.572809 0.088608 0.150793
0 0.056405 0.545729 0.051915 0.117644
0 0.576779 0.432425 0.063233 0.128362
0 0.576475 0.501746 0.068952 0.264803
0 0.380131 0.478861 0.036742 0.158463
0 0.383571 0.445739 0.029913 0.092098
