0 0.303209 0.421153 0.050107 0.135608
0 0.466001 0.362596 0.038511 0.088628
0 0.599259 0.289422 0.041105 0.115511
0 0.542747 0.398549 0.038076 0.116863
0 0.910035 0.617097 0.068346 0.259348
0 0.788127 0.485491 0.090081 0.142768
0 0.432547 0.328463 0.035872 0.085586
0 0.503587 0.387171 0.032969 0.096819
0 0.070000 0.538802 0.041565 0.115921
0 0.735013 0.397001 0.112597 0.203718
0 0.123979 0.573811 0.052978 0.123057
0 0.190348 0.962363 0.075828 0.075274
0 0.734776 0.531145 0.074139 0.151820
0 0.576433 0.503792 0.078773 0.258177
0 0.673376 0.577280 0.074665 0.140788
0 0.381860 0.481775 0.043791 0.159052
0 0.575078 0.272471 0.029471 0.094936
0 0.162482 0.915325 0.083899 0.151349
0 0.833306 0.733583 0.101114 0.145574
0 0.432677 0.539881 0.079090 0.235091
0 0.579707 0.443636 0.067675 0.137140
0 0.056239 0.494340 0.037871 0.124844
0 0.538486 0.267147 0.030747 0.134116
