0 0.717728 0.542155 0.073225 0.167799
0 0.790847 0.489756 0.092020 0.158779
0 0.439146 0.519753 0.077443 0.198443
0 0.622216 0.602076 0.071508 0.202546
0 0.386487 0.480696 0.051093 0.160172
0 0.597433 0.288635 0.041964 0.117973
0 0.881150 0.411207 0.057952 0.232890
0 0.306227 0.415709 0.039339 0.140207
0 0.532898 0.407046 0.060793 0.120967
0 0.182099 0.878171 0.073995 0.185918
0 0.436209 0.334103 0.038957 0.081191
0 0.843387 0.399696 0.046659 0.236889
0 0.119205 0.619104 0.058050 0.204464
0 0.877780 0.637896 0.090980 0.258213
0 0.477674 0.361184 0.032659 0.066424
0 0.595053 0.439890 0.060971 0.161917
0 0.546005 0.269047 0.041091 0.128209
0 0.050593 0.520310 0.058976 0.170250
0 0.817418 0.846204 0.122503 0.307592
0 0.222687 0.947778 0.084694 0.104043
