0 0.781271 0.501277 0.069063 0.137911
0 0.716138 0.541288 0.066370 0.157922
0 0.505988 0.385327 0.035545 0.103084
0 0.469348 0.367288 0.037467 0.087690
0 0.434618 0.325978 0.040484 0.084201
0 0.624771 0.460622 0.099585 0.246819
0 0.651870 0.579862 0.067789 0.162300
0 0.440656 0.519364 0.077053 0.193123
0 0.556334 0.385521 0.065342 0.120057
0 0.312492 0.415227 0.048738 0.121361
0 0.913679 0.591770 0.076892 0.264905
0 0.379525 0.479466 0.041912 0.155730
0 0.820153 0.819557 0.106781 0.341672
0 0.142304 0.588820 0.073838 0.179952
0 0.187296 0.961218 0.077371 0.077564
0 0.549116 0.273016 0.050369 0.143192
0 0.069883 0.538391 0.043198 0.117991
0 0.609588 0.300241 0.047356 0.112433
0 0.061113 0.516074 0.053973 0.166895
0 0.579789 0.280158 0.032143 0.098430
