0 0.302421 0.421545 0.053302 0.137097
0 0.465242 0.364434 0.041360 0.085632
0 0.598762 0.289274 0.041414 0.116382
0 0.730745 0.538660 0.085077 0.161577
0 0.789040 0.488351 0.087228 0.145123
0 0.504138 0.387987 0.033327 0.096413
0 0.543293 0.398489 0.039403 0.118157
0 0.123711 0.580887 0.053532 0.139801
0 0.725008 0.413182 0.054985 0.188333
0 0.190390 0.962996 0.075925 0.074009
0 0.430634 0.328199 0.036044 0.079803
0 0.385926 0.453656 0.049859 0.139874
0 0.884721 0.633841 0.083313 0.269256
0 0.830901 0.757077 0.077839 0.206949
0 0.435219 0.534233 0.079824 0.226083
0 0.618804 0.603762 0.088847 0.214891
0 0.163540 0.915531 0.080775 0.154170
0 0.060741 0.514482 0.049935 0.163249
0 0.577677 0.499762 0.079501 0.250337
0 0.549119 0.272274 0.051316 0.143865
0 0.069786 0.539487 0.041117 0.114684
0 0.579022 0.445496 0.071510 0.138426
