0 0.780242 0.489599 0.071956 0.163887
0 0.435829 0.332540 0.041641 0.095180
0 0.598167 0.290297 0.043649 0.115552
0 0.709153 0.542183 0.049542 0.170362
0 0.133707 0.642684 0.068248 0.234221
0 0.072423 0.527288 0.053774 0.134856
0 0.308101 0.415506 0.036323 0.128464
0 0.623017 0.606395 0.082281 0.205386
0 0.540251 0.402794 0.054085 0.119236
0 0.589610 0.441859 0.064485 0.167606
0 0.887405 0.612746 0.077538 0.212451
0 0.161216 0.868090 0.085019 0.220105
0 0.394101 0.508180 0.097328 0.331225
0 0.219309 0.937809 0.097649 0.124382
0 0.039672 0.514853 0.036053 0.151253
0 0.480789 0.354169 0.031978 0.074800
0 0.547029 0.262003 0.035266 0.129256
