0 0.709064 0.543162 0.060102 0.165529
0 0.787566 0.493933 0.089336 0.158256
0 0.070104 0.539931 0.046791 0.121609
0 0.433547 0.520502 0.084892 0.197230
0 0.466009 0.362828 0.028981 0.095162
0 0.613370 0.290363 0.044131 0.111819
0 0.873771 0.461701 0.061217 0.157519
0 0.504561 0.382526 0.038285 0.092841
0 0.436858 0.326758 0.035283 0.094690
0 0.353314 0.318868 0.046175 0.095605
0 0.547324 0.278734 0.046291 0.156447
0 0.532367 0.394650 0.052465 0.140198
0 0.817297 0.813919 0.115811 0.353239
0 0.130696 0.557287 0.052525 0.104543
0 0.590051 0.422387 0.061587 0.149581
0 0.575994 0.277993 0.036312 0.106089
0 0.160945 0.874724 0.085636 0.167153
0 0.293092 0.355593 0.034992 0.083237
0 0.311558 0.409779 0.070503 0.187432
0 0.061140 0.435257 0.038757 0.145294
