0 0.714020 0.539825 0.065031 0.167629
0 0.650873 0.593109 0.077467 0.178630
0 0.791479 0.487716 0.087787 0.169727
0 0.865461 0.408122 0.054142 0.249171
0 0.304613 0.416808 0.040703 0.140797
0 0.470479 0.364149 0.034924 0.081131
0 0.555880 0.401030 0.045007 0.120046
0 0.509225 0.387342 0.037895 0.102776
0 0.433113 0.514895 0.075207 0.195919
0 0.051829 0.520392 0.058335 0.167652
0 0.384293 0.477114 0.045293 0.159327
0 0.435884 0.327543 0.040677 0.072153
0 0.821792 0.386207 0.050171 0.248102
0 0.892401 0.639781 0.110359 0.260099
0 0.592386 0.498856 0.069834 0.279010
0 0.163341 0.915654 0.090674 0.168693
0 0.578151 0.277591 0.031920 0.101101
0 0.219021 0.940282 0.084247 0.119436
0 0.823671 0.737051 0.101593 0.176664
0 0.114586 0.597512 0.047847 0.155025
0 0.607708 0.290555 0.052229 0.115051
0 0.551128 0.272731 0.045718 0.136722
