0 0.418613 0.502720 0.072077 0.171314
0 0.502766 0.387269 0.040516 0.101172
0 0.785771 0.489535 0.091054 0.174471
0 0.472181 0.356640 0.038109 0.094528
0 0.621741 0.294095 0.040320 0.114363
0 0.631969 0.585871 0.073834 0.216017
0 0.912951 0.604954 0.067040 0.257275
0 0.067663 0.537672 0.043012 0.120619
0 0.351312 0.322779 0.049382 0.097930
0 0.315528 0.414492 0.049756 0.116963
0 0.693240 0.548110 0.063762 0.176213
0 0.571354 0.384344 0.037088 0.105350
0 0.546745 0.274922 0.047431 0.136998
0 0.581285 0.283569 0.038526 0.113259
0 0.841497 0.754987 0.079906 0.210842
0 0.185365 0.959036 0.087651 0.081929
0 0.176603 0.919571 0.089965 0.160858
0 0.377997 0.476427 0.037998 0.156200
0 0.569752 0.445653 0.066466 0.093870
0 0.128269 0.556540 0.052875 0.106209
0 0.427507 0.343356 0.039268 0.065418
0 0.055082 0.518502 0.048897 0.165398
