0 0.598480 0.290340 0.041231 0.115080
0 0.466314 0.365359 0.038439 0.087987
0 0.732180 0.542337 0.084534 0.158990
0 0.069439 0.538561 0.041528 0.118280
0 0.302463 0.417883 0.055907 0.128093
0 0.787934 0.493060 0.090177 0.134655
0 0.904009 0.606219 0.066978 0.256989
0 0.665992 0.576372 0.070094 0.146359
0 0.433305 0.332808 0.036322 0.088087
0 0.501594 0.387278 0.036714 0.095084
0 0.824526 0.753687 0.086493 0.213396
0 0.124038 0.574444 0.053571 0.120119
0 0.562615 0.523575 0.075355 0.386130
0 0.539878 0.396818 0.032632 0.116149
0 0.190818 0.964174 0.079452 0.071652
0 0.547956 0.260311 0.028241 0.113284
0 0.574117 0.271898 0.029939 0.093708
0 0.059298 0.481492 0.041115 0.129252
0 0.393168 0.482845 0.066899 0.164358
