0 0.781160 0.489216 0.070415 0.155972
0 0.722531 0.547183 0.059694 0.147761
0 0.071629 0.527265 0.052424 0.136834
0 0.134229 0.647536 0.067640 0.221489
0 0.618741 0.627143 0.080121 0.167184
0 0.255322 0.925004 0.088048 0.149993
0 0.584120 0.278482 0.032694 0.104058
0 0.504186 0.383383 0.043807 0.107583
0 0.308664 0.414203 0.042363 0.137425
0 0.039205 0.518553 0.036063 0.156968
0 0.881186 0.641350 0.086139 0.273498
0 0.168357 0.898893 0.088100 0.198024
0 0.386086 0.471807 0.086857 0.261801
0 0.571961 0.438264 0.069649 0.120650
0 0.439003 0.322704 0.045725 0.076423
0 0.540224 0.394336 0.040396 0.107839
0 0.547978 0.259750 0.034640 0.120542
0 0.616464 0.290593 0.047509 0.123549
0 0.479180 0.362978 0.028182 0.084524
