0 0.777538 0.436242 0.061523 0.208330
0 0.591210 0.445414 0.068634 0.177199
0 0.639324 0.600036 0.091169 0.203311
0 0.892982 0.421920 0.052567 0.257467
0 0.472353 0.354852 0.046900 0.082722
0 0.430284 0.514279 0.075888 0.192797
0 0.723835 0.492245 0.055006 0.213374
0 0.380753 0.480903 0.045088 0.159867
0 0.306295 0.418401 0.039348 0.135044
0 0.535655 0.407074 0.054287 0.111706
0 0.852692 0.401106 0.039925 0.239041
0 0.436268 0.329223 0.047814 0.075125
0 0.817950 0.817591 0.115545 0.335983
0 0.906958 0.615888 0.067264 0.276240
0 0.572323 0.276963 0.031731 0.096215
0 0.054884 0.521630 0.060665 0.165337
0 0.610753 0.322689 0.060443 0.156000
0 0.155982 0.901193 0.095401 0.177260
0 0.050277 0.490317 0.048166 0.101869
0 0.135314 0.602577 0.075132 0.165543
0 0.207814 0.944048 0.080025 0.111903
