0 0.708015 0.543079 0.065607 0.165716
0 0.468572 0.357527 0.040112 0.096170
0 0.315859 0.412709 0.051446 0.121598
0 0.420480 0.503968 0.071589 0.172991
0 0.434130 0.332127 0.037457 0.080662
0 0.348749 0.322377 0.045181 0.097333
0 0.780543 0.507221 0.075221 0.126864
0 0.554926 0.388004 0.064131 0.123952
0 0.505835 0.389013 0.035740 0.095011
0 0.615509 0.284982 0.044314 0.116595
0 0.066839 0.538533 0.047674 0.122139
0 0.377595 0.479302 0.040787 0.155784
0 0.912910 0.495300 0.048208 0.155235
0 0.187531 0.960742 0.086178 0.078516
0 0.580173 0.274653 0.033740 0.094144
0 0.174275 0.913177 0.087514 0.163348
0 0.548778 0.260274 0.033118 0.115388
0 0.863826 0.648004 0.108128 0.228051
0 0.054242 0.483673 0.031737 0.104462
0 0.569790 0.444954 0.068424 0.098748
0 0.818130 0.731440 0.101584 0.141000
0 0.127967 0.565458 0.054426 0.114724
