0 0.783268 0.489666 0.066137 0.124887
0 0.467669 0.363013 0.040113 0.093334
0 0.068108 0.540149 0.045301 0.121923
0 0.726660 0.547512 0.075070 0.159234
0 0.613667 0.289430 0.043332 0.110657
0 0.899257 0.479512 0.067729 0.178407
0 0.420708 0.503238 0.067469 0.177972
0 0.537766 0.393447 0.042493 0.115756
0 0.434851 0.323928 0.044542 0.087695
0 0.189543 0.387492 0.045888 0.271783
0 0.855496 0.701237 0.099937 0.248031
0 0.342713 0.318951 0.064122 0.103937
0 0.500233 0.386202 0.038762 0.099630
0 0.580384 0.277139 0.036608 0.098694
0 0.551807 0.276019 0.038447 0.145463
0 0.316242 0.428028 0.059945 0.150936
0 0.573343 0.447214 0.067466 0.101133
0 0.250205 0.333995 0.041106 0.120903
0 0.256925 0.426059 0.043581 0.162669
0 0.575686 0.508690 0.075495 0.225297
