0 0.708587 0.539080 0.060105 0.173444
0 0.787641 0.492025 0.092694 0.159521
0 0.417931 0.502638 0.072173 0.173624
0 0.476983 0.356030 0.041305 0.102311
0 0.062063 0.517629 0.058874 0.165383
0 0.505128 0.387707 0.035713 0.101448
0 0.316306 0.412853 0.050421 0.122836
0 0.616870 0.285483 0.046814 0.118019
0 0.350098 0.324112 0.049007 0.098405
0 0.579564 0.278419 0.034629 0.103891
0 0.905752 0.620468 0.072574 0.274990
0 0.432890 0.338173 0.045340 0.087139
0 0.560727 0.385195 0.034600 0.086401
0 0.172614 0.911800 0.089801 0.159867
0 0.181824 0.957127 0.102659 0.085747
0 0.824110 0.822576 0.125811 0.336665
0 0.550134 0.270268 0.038052 0.136027
0 0.906921 0.488337 0.037534 0.116202
0 0.370827 0.474871 0.046927 0.156469
0 0.142993 0.613751 0.088671 0.219047
0 0.129245 0.562062 0.060406 0.108902
0 0.570610 0.446292 0.068231 0.091240
