0 0.781012 0.489044 0.070518 0.161077
0 0.614179 0.610123 0.076255 0.201550
0 0.306074 0.416909 0.034919 0.128178
0 0.714496 0.543941 0.052144 0.162545
0 0.134091 0.647275 0.067957 0.223419
0 0.590463 0.439052 0.064217 0.157620
0 0.546091 0.403887 0.048507 0.125147
0 0.903829 0.502097 0.049559 0.125030
0 0.072082 0.526654 0.053515 0.137159
0 0.260583 0.928930 0.083248 0.141721
0 0.616851 0.290634 0.045368 0.110540
0 0.039122 0.519649 0.036426 0.158599
0 0.165404 0.892738 0.088826 0.201861
0 0.437000 0.332148 0.042947 0.062896
0 0.389680 0.511662 0.087190 0.329130
0 0.546744 0.259570 0.029443 0.119807
0 0.579253 0.271137 0.035062 0.094213
0 0.939466 0.574203 0.063903 0.253943
0 0.927192 0.615492 0.098939 0.319555
