0 0.889558 0.487420 0.057016 0.147899
0 0.780620 0.481157 0.073220 0.130235
0 0.420415 0.503908 0.074447 0.173979
0 0.729858 0.546455 0.092764 0.162274
0 0.351612 0.322874 0.046323 0.102188
0 0.067531 0.541721 0.044767 0.121335
0 0.537766 0.391683 0.049424 0.106057
0 0.619284 0.291770 0.041864 0.112113
0 0.472771 0.367674 0.036763 0.084335
0 0.504414 0.390037 0.037021 0.097168
0 0.852492 0.700956 0.093933 0.245674
0 0.379678 0.468309 0.041612 0.170446
0 0.437195 0.330553 0.031479 0.087757
0 0.314921 0.427226 0.055152 0.146017
0 0.240261 0.460628 0.047631 0.176823
0 0.551853 0.277513 0.040122 0.148459
0 0.164707 0.378723 0.053143 0.230754
0 0.581020 0.273212 0.036450 0.089439
0 0.183875 0.913533 0.103995 0.172934
0 0.121345 0.593277 0.048099 0.157139
