0 0.781158 0.499518 0.067372 0.137093
0 0.716362 0.538796 0.070000 0.165767
0 0.469739 0.366972 0.037247 0.084985
0 0.434135 0.330333 0.038604 0.091202
0 0.440724 0.519600 0.073948 0.192810
0 0.558405 0.384559 0.065150 0.120410
0 0.312681 0.416090 0.046251 0.120305
0 0.647877 0.572531 0.066898 0.158021
0 0.069571 0.538713 0.043320 0.118058
0 0.619803 0.460428 0.106011 0.246305
0 0.502167 0.384558 0.034387 0.101669
0 0.378618 0.477047 0.042589 0.156096
0 0.142071 0.589655 0.073954 0.179363
0 0.821177 0.823585 0.109572 0.340553
0 0.609224 0.298674 0.047673 0.119113
0 0.186928 0.961825 0.075715 0.076351
0 0.579557 0.275548 0.030928 0.096352
0 0.549205 0.269459 0.051418 0.138920
0 0.908639 0.616162 0.088057 0.277252
0 0.054962 0.493109 0.038053 0.120639
