0 0.788043 0.490949 0.093201 0.178964
0 0.346193 0.325077 0.045356 0.104772
0 0.620627 0.598304 0.087147 0.220757
0 0.315664 0.414754 0.051859 0.119602
0 0.691022 0.549021 0.073657 0.169946
0 0.896588 0.644159 0.065585 0.267941
0 0.380230 0.480975 0.045191 0.155954
0 0.429778 0.512231 0.076538 0.194692
0 0.625083 0.291376 0.041303 0.097213
0 0.425371 0.329966 0.034362 0.081090
0 0.843034 0.763281 0.082327 0.212666
0 0.555752 0.384172 0.044736 0.110565
0 0.547838 0.270879 0.048859 0.130902
0 0.569004 0.447352 0.064955 0.092897
0 0.067718 0.534957 0.044208 0.126357
0 0.145237 0.615607 0.092111 0.230754
0 0.583772 0.280441 0.040807 0.107452
0 0.471009 0.360979 0.038502 0.092940
0 0.175855 0.925815 0.102149 0.148370
0 0.055168 0.490796 0.035681 0.118635
