0 0.713063 0.542190 0.066828 0.167723
0 0.792760 0.487431 0.089539 0.168744
0 0.832126 0.404736 0.073049 0.228129
0 0.597688 0.288897 0.042439 0.116957
0 0.650372 0.592016 0.079159 0.179753
0 0.470456 0.364658 0.035139 0.082432
0 0.435744 0.328605 0.040454 0.079112
0 0.433160 0.513613 0.073016 0.193637
0 0.555907 0.399775 0.045620 0.122653
0 0.306840 0.415638 0.041531 0.135530
0 0.510784 0.387879 0.040068 0.106217
0 0.893948 0.630649 0.111232 0.269868
0 0.380704 0.475934 0.045011 0.161880
0 0.164271 0.915700 0.091752 0.168601
0 0.591615 0.497183 0.070995 0.277960
0 0.870139 0.412281 0.049471 0.245589
0 0.220016 0.941433 0.086778 0.117134
0 0.055990 0.518548 0.058495 0.170398
0 0.824495 0.739302 0.101753 0.180651
0 0.113707 0.598231 0.046665 0.154644
0 0.064990 0.542013 0.039503 0.116210
0 0.575766 0.278445 0.029076 0.098450
