0 0.714910 0.548559 0.067691 0.161472
0 0.504735 0.386588 0.037853 0.096581
0 0.439042 0.518837 0.079267 0.197712
0 0.769868 0.493755 0.061946 0.149275
0 0.353524 0.318574 0.047511 0.097872
0 0.460601 0.354260 0.056433 0.094260
0 0.537553 0.397979 0.041234 0.136389
0 0.617434 0.295989 0.042245 0.111157
0 0.816233 0.813174 0.113632 0.352664
0 0.429522 0.320566 0.027357 0.080485
0 0.130726 0.556483 0.052796 0.103107
0 0.595837 0.421410 0.059480 0.152626
0 0.546870 0.278663 0.044975 0.154699
0 0.053924 0.520214 0.063871 0.168535
0 0.160061 0.874159 0.083471 0.151382
0 0.293071 0.354974 0.032929 0.082747
0 0.785398 0.420619 0.039939 0.163312
0 0.312148 0.409677 0.068912 0.186842
0 0.582149 0.283688 0.042470 0.113447
0 0.067993 0.539296 0.042693 0.121104
0 0.594727 0.486397 0.065627 0.280442
