0 0.785974 0.492364 0.090205 0.177463
0 0.418355 0.502914 0.072496 0.172518
0 0.347068 0.325384 0.045585 0.106668
0 0.316203 0.414345 0.052751 0.119129
0 0.475378 0.358238 0.037621 0.092385
0 0.067692 0.537989 0.042736 0.118838
0 0.907705 0.609105 0.068394 0.264237
0 0.498123 0.387719 0.042460 0.097712
0 0.547198 0.279171 0.047330 0.143916
0 0.637041 0.586399 0.081863 0.209932
0 0.694155 0.546671 0.073694 0.165924
0 0.173039 0.911332 0.095813 0.169537
0 0.537144 0.396717 0.042876 0.113650
0 0.570937 0.435806 0.065688 0.115679
0 0.374877 0.475072 0.040045 0.157811
0 0.842158 0.758090 0.082009 0.210079
0 0.625273 0.292047 0.039295 0.099107
0 0.427203 0.345483 0.040038 0.068852
0 0.582252 0.285482 0.039783 0.115868
0 0.186868 0.953624 0.095765 0.092751
0 0.053461 0.494492 0.033610 0.122691
