0 0.780829 0.487807 0.071120 0.157956
0 0.596918 0.289129 0.041031 0.116911
0 0.720845 0.534092 0.061923 0.176175
0 0.072565 0.527788 0.052127 0.135875
0 0.435916 0.332422 0.041066 0.095674
0 0.590169 0.445847 0.064397 0.173014
0 0.134537 0.641093 0.068035 0.229317
0 0.624425 0.607585 0.085395 0.204797
0 0.307726 0.416401 0.035843 0.130875
0 0.540254 0.403734 0.053943 0.119390
0 0.039103 0.517888 0.035822 0.153525
0 0.226819 0.937874 0.086144 0.124251
0 0.481079 0.354698 0.031652 0.074818
0 0.396171 0.512470 0.102944 0.332583
0 0.549005 0.261055 0.033742 0.124839
0 0.908036 0.625133 0.056940 0.250204
0 0.152865 0.855130 0.068820 0.219604
0 0.362885 0.457101 0.024245 0.099989
