0 0.068615 0.540142 0.045891 0.121798
0 0.537644 0.394725 0.048596 0.113835
0 0.727271 0.548621 0.073548 0.153516
0 0.898876 0.484893 0.063986 0.155797
0 0.419641 0.503912 0.066972 0.178609
0 0.786478 0.498852 0.062063 0.105995
0 0.351618 0.319055 0.046281 0.103529
0 0.433102 0.321062 0.040399 0.085343
0 0.609805 0.289438 0.046819 0.107757
0 0.501663 0.388951 0.032531 0.096611
0 0.855978 0.701163 0.098068 0.247883
0 0.578528 0.274756 0.033374 0.095866
0 0.473031 0.363125 0.036072 0.095269
0 0.150424 0.372979 0.048173 0.216112
0 0.316123 0.425733 0.052531 0.144740
0 0.552016 0.276197 0.037835 0.144210
0 0.128553 0.558693 0.050696 0.109132
0 0.253731 0.428338 0.049974 0.169472
0 0.232077 0.343985 0.034516 0.145334
