0 0.539796 0.395295 0.044230 0.118660
0 0.471760 0.357584 0.041954 0.093526
0 0.771390 0.499116 0.060559 0.160299
0 0.501817 0.387623 0.037049 0.098993
0 0.435759 0.330130 0.034685 0.100220
0 0.315802 0.413977 0.049169 0.127429
0 0.915296 0.608312 0.076516 0.270273
0 0.068702 0.538124 0.043034 0.119250
0 0.574714 0.422779 0.068645 0.144221
0 0.674967 0.534749 0.072832 0.223875
0 0.621228 0.598410 0.077572 0.200153
0 0.142662 0.591860 0.077578 0.177188
0 0.548831 0.278272 0.051384 0.150514
0 0.828743 0.823695 0.124967 0.332877
0 0.059439 0.515769 0.053883 0.169364
0 0.418764 0.567616 0.128010 0.414603
0 0.051935 0.488575 0.033238 0.113163
