0 0.707812 0.547367 0.062237 0.159105
0 0.787877 0.490461 0.093462 0.169655
0 0.418354 0.502885 0.071811 0.175057
0 0.474183 0.354636 0.048016 0.100652
0 0.614609 0.285233 0.045408 0.112800
0 0.349682 0.323706 0.046973 0.100295
0 0.579215 0.277578 0.033561 0.103962
0 0.315325 0.412377 0.051036 0.121856
0 0.505474 0.387166 0.038527 0.100176
0 0.906747 0.616615 0.079440 0.272926
0 0.377528 0.462015 0.041788 0.132623
0 0.432434 0.331984 0.042564 0.077629
0 0.060275 0.516181 0.054889 0.168341
0 0.173175 0.912290 0.092326 0.163112
0 0.177739 0.957016 0.096593 0.085968
0 0.906046 0.496669 0.034321 0.134738
0 0.557412 0.380894 0.041471 0.110376
0 0.547633 0.258336 0.035020 0.111947
0 0.128543 0.563143 0.057614 0.108108
0 0.824109 0.825603 0.121646 0.334861
0 0.067650 0.538892 0.042271 0.112836
0 0.569728 0.445403 0.067729 0.096256
