0 0.722686 0.553343 0.078156 0.153073
0 0.468489 0.359243 0.041698 0.096785
0 0.538983 0.393928 0.044796 0.117347
0 0.613988 0.289290 0.044019 0.111433
0 0.068012 0.540388 0.044584 0.121568
0 0.421016 0.503196 0.069011 0.181179
0 0.352725 0.318604 0.046104 0.103200
0 0.906385 0.480101 0.050733 0.164984
0 0.782692 0.505343 0.065206 0.100956
0 0.499882 0.387341 0.037451 0.098265
0 0.855307 0.701251 0.098428 0.245541
0 0.580483 0.277307 0.036474 0.098332
0 0.434433 0.326249 0.040475 0.097556
0 0.274138 0.354483 0.035158 0.080707
0 0.552393 0.275372 0.038037 0.143433
0 0.318242 0.428178 0.057399 0.154142
0 0.238863 0.317599 0.051821 0.158102
0 0.256530 0.425243 0.045816 0.165038
0 0.574120 0.440226 0.069204 0.111971
