0 0.706425 0.542244 0.066454 0.175003
0 0.471667 0.357962 0.047126 0.094501
0 0.538940 0.401379 0.045740 0.128155
0 0.441669 0.514699 0.069830 0.197525
0 0.501145 0.388067 0.037646 0.095843
0 0.903713 0.626393 0.066579 0.276621
0 0.438225 0.323669 0.045406 0.089114
0 0.309068 0.417938 0.039441 0.126239
0 0.776820 0.499963 0.071036 0.160367
0 0.375574 0.477658 0.039361 0.160052
0 0.612829 0.600379 0.073072 0.226235
0 0.143358 0.592119 0.076842 0.178101
0 0.167751 0.904263 0.096591 0.163113
0 0.741025 0.441411 0.081311 0.249826
0 0.069623 0.537725 0.042193 0.119849
0 0.166198 0.951323 0.058175 0.097353
0 0.587139 0.422875 0.058192 0.149145
0 0.829596 0.826721 0.126513 0.333830
0 0.548280 0.277708 0.051157 0.145564
0 0.058908 0.516042 0.050916 0.167430
0 0.054820 0.488018 0.036878 0.111123
