0 0.780515 0.492967 0.071921 0.156996
0 0.633209 0.595246 0.081997 0.209475
0 0.434920 0.329996 0.043756 0.079048
0 0.715582 0.540296 0.068853 0.169077
0 0.597636 0.287727 0.044267 0.121462
0 0.398323 0.494232 0.068360 0.189456
0 0.306838 0.413208 0.037961 0.138814
0 0.813065 0.393066 0.047419 0.245245
0 0.890016 0.635463 0.083393 0.266935
0 0.157970 0.865952 0.079949 0.213194
0 0.541014 0.394706 0.053208 0.132316
0 0.234053 0.932306 0.076589 0.131630
0 0.110843 0.599556 0.066089 0.162064
0 0.480581 0.353129 0.032482 0.077461
0 0.593223 0.445950 0.061903 0.174336
0 0.550907 0.256558 0.028520 0.108208
0 0.047470 0.518459 0.052495 0.159370
0 0.876645 0.413337 0.045858 0.240192
0 0.065129 0.533547 0.042999 0.116022
