0 0.466391 0.363393 0.040081 0.087832
0 0.598712 0.287574 0.041686 0.118730
0 0.302841 0.419469 0.056136 0.128418
0 0.730870 0.539126 0.084997 0.162674
0 0.788663 0.487377 0.087067 0.143490
0 0.722502 0.418176 0.070190 0.194948
0 0.542110 0.399244 0.037362 0.115378
0 0.503900 0.387208 0.034262 0.096664
0 0.431489 0.328038 0.037418 0.082555
0 0.189721 0.963055 0.075406 0.073890
0 0.884260 0.631487 0.083152 0.264104
0 0.123868 0.580279 0.053466 0.140157
0 0.830386 0.756751 0.078386 0.208252
0 0.384989 0.453916 0.048514 0.139434
0 0.434517 0.531264 0.079654 0.222312
0 0.163545 0.915434 0.081346 0.156922
0 0.575048 0.499112 0.081200 0.250787
0 0.069411 0.541810 0.042295 0.110949
0 0.579435 0.438988 0.068527 0.130578
0 0.615647 0.602818 0.091512 0.219844
0 0.549335 0.273662 0.051778 0.144640
0 0.058424 0.515198 0.046046 0.163363
