0 0.789574 0.484763 0.093545 0.156364
0 0.724033 0.538852 0.071733 0.147415
0 0.467466 0.364778 0.030332 0.080615
0 0.825077 0.751478 0.086872 0.217748
0 0.901610 0.635493 0.089716 0.268557
0 0.598094 0.288903 0.043912 0.117991
0 0.301861 0.419717 0.051175 0.144312
0 0.650835 0.461655 0.059554 0.216294
0 0.503249 0.388099 0.034156 0.097800
0 0.544021 0.399479 0.039935 0.118760
0 0.427030 0.327021 0.056049 0.087659
0 0.426342 0.509526 0.086957 0.180980
0 0.121495 0.591346 0.055353 0.145753
0 0.193976 0.962540 0.079542 0.074919
0 0.066220 0.537745 0.041813 0.122960
0 0.663039 0.570437 0.087911 0.153033
0 0.583415 0.422049 0.061515 0.146047
0 0.553117 0.272198 0.036863 0.137136
0 0.564249 0.500106 0.099683 0.296651
