0 0.792318 0.482826 0.081956 0.146975
0 0.722498 0.557123 0.077827 0.145105
0 0.068767 0.537872 0.044159 0.124426
0 0.900699 0.499658 0.066698 0.142756
0 0.417521 0.502996 0.079464 0.182945
0 0.541198 0.399662 0.048862 0.136860
0 0.352185 0.320323 0.045894 0.101545
0 0.475399 0.357112 0.037991 0.100758
0 0.612518 0.293962 0.042817 0.115615
0 0.180302 0.879476 0.084088 0.147161
0 0.431174 0.325764 0.032726 0.086718
0 0.539233 0.296185 0.062550 0.172599
0 0.816887 0.811385 0.115274 0.343957
0 0.200484 0.959374 0.076468 0.081253
0 0.592249 0.424312 0.057634 0.147905
0 0.505975 0.387818 0.034162 0.102384
0 0.578660 0.278467 0.032829 0.104538
0 0.548713 0.229799 0.017982 0.057706
0 0.292770 0.354973 0.036224 0.080070
0 0.316922 0.424476 0.059618 0.152786
0 0.589981 0.486939 0.062282 0.269614
0 0.127947 0.561884 0.051924 0.105838
