0 0.783030 0.487292 0.073935 0.159194
0 0.472519 0.357021 0.043521 0.083241
0 0.700991 0.549637 0.071273 0.172552
0 0.596457 0.290336 0.040720 0.113639
0 0.638150 0.599229 0.096219 0.210179
0 0.532091 0.403707 0.058104 0.121493
0 0.385055 0.479633 0.045160 0.157457
0 0.438999 0.330635 0.037685 0.083385
0 0.591546 0.446056 0.068147 0.179235
0 0.180479 0.894248 0.074186 0.182920
0 0.429518 0.515684 0.080468 0.191204
0 0.311089 0.409928 0.045111 0.127422
0 0.893768 0.421375 0.051832 0.258613
0 0.877749 0.634614 0.074521 0.266983
0 0.850713 0.401356 0.040260 0.230684
0 0.122465 0.591257 0.050711 0.161944
0 0.539618 0.267272 0.028224 0.122780
0 0.808564 0.814101 0.146837 0.328023
0 0.052226 0.520855 0.057417 0.167494
0 0.218075 0.948309 0.097794 0.103383
