0 0.634179 0.610872 0.072532 0.171605
0 0.468914 0.356239 0.040959 0.085334
0 0.554463 0.396494 0.049344 0.137706
0 0.433986 0.327959 0.037451 0.084202
0 0.430423 0.514534 0.078568 0.191983
0 0.304424 0.417230 0.039306 0.133861
0 0.884163 0.628973 0.087013 0.278944
0 0.845182 0.402044 0.050360 0.227987
0 0.051735 0.521596 0.056733 0.166413
0 0.382475 0.476306 0.043920 0.159936
0 0.896003 0.420732 0.057444 0.242087
0 0.592071 0.445534 0.066628 0.174384
0 0.160376 0.921675 0.084245 0.156649
0 0.576072 0.274481 0.029047 0.091821
0 0.602474 0.299055 0.044522 0.114230
0 0.823991 0.743694 0.112771 0.201404
0 0.547694 0.269664 0.043853 0.128178
0 0.478811 0.413779 0.032241 0.084784
0 0.112587 0.602574 0.052585 0.155587
