0 0.781828 0.489155 0.069353 0.154964
0 0.597170 0.288972 0.042378 0.117608
0 0.590140 0.445357 0.064062 0.171822
0 0.072035 0.528225 0.052905 0.134989
0 0.134269 0.646816 0.067402 0.225277
0 0.718817 0.540297 0.053586 0.160416
0 0.621008 0.609097 0.080778 0.204082
0 0.546772 0.405461 0.046328 0.121379
0 0.432991 0.328492 0.041266 0.091142
0 0.309089 0.414315 0.037947 0.137257
0 0.902918 0.499825 0.048893 0.124259
0 0.040009 0.518286 0.037510 0.156423
0 0.392729 0.513869 0.082789 0.318688
0 0.249024 0.929265 0.086685 0.141471
0 0.153845 0.894530 0.084766 0.187791
0 0.548190 0.260612 0.032018 0.121910
0 0.941470 0.573267 0.059999 0.255927
0 0.467369 0.351363 0.026447 0.064391
0 0.494728 0.383077 0.055616 0.106203
