0 0.553291 0.398858 0.049045 0.125773
0 0.470256 0.360956 0.033658 0.074044
0 0.436496 0.328697 0.040724 0.082394
0 0.637908 0.587912 0.060379 0.165511
0 0.749595 0.517032 0.085469 0.186229
0 0.862948 0.408303 0.047586 0.242236
0 0.433862 0.514484 0.071999 0.190809
0 0.891163 0.627489 0.098422 0.250040
0 0.896282 0.421653 0.048298 0.245021
0 0.380734 0.479823 0.044155 0.166465
0 0.304742 0.417801 0.038921 0.128121
0 0.157438 0.908262 0.082716 0.175324
0 0.051048 0.520815 0.055537 0.166632
0 0.577574 0.277031 0.030461 0.099195
0 0.590181 0.498268 0.071499 0.283958
0 0.606096 0.296744 0.051604 0.110935
0 0.115717 0.598973 0.047936 0.149899
0 0.822083 0.739348 0.109427 0.178888
0 0.064781 0.546046 0.040110 0.110296
0 0.799335 0.477646 0.049104 0.129362
