0 0.436616 0.326965 0.037315 0.085265
0 0.473808 0.354597 0.045815 0.086629
0 0.216998 0.935108 0.097092 0.129783
0 0.307071 0.413728 0.041670 0.152540
0 0.052746 0.520648 0.058105 0.165694
0 0.628157 0.595127 0.085046 0.215511
0 0.893271 0.422505 0.054188 0.251516
0 0.882306 0.643820 0.085693 0.263059
0 0.420093 0.503788 0.074875 0.175888
0 0.535848 0.407424 0.054651 0.115757
0 0.853082 0.402733 0.043518 0.228919
0 0.164371 0.919416 0.087855 0.157457
0 0.591217 0.444905 0.068796 0.175977
0 0.817991 0.816414 0.116258 0.356106
0 0.378615 0.480589 0.039041 0.160492
0 0.593157 0.299394 0.045186 0.110869
0 0.120616 0.594588 0.045275 0.161065
0 0.541323 0.267441 0.030314 0.127270
