0 0.725733 0.546675 0.081963 0.161002
0 0.770059 0.487232 0.061099 0.130366
0 0.346613 0.325050 0.046616 0.107862
0 0.468434 0.356512 0.040069 0.095724
0 0.421107 0.504371 0.072914 0.172926
0 0.614890 0.284904 0.044724 0.114221
0 0.316044 0.413880 0.051266 0.120574
0 0.068015 0.540252 0.044893 0.117647
0 0.777732 0.359804 0.053094 0.174463
0 0.378385 0.479628 0.044419 0.154650
0 0.506361 0.386951 0.034846 0.097378
0 0.188433 0.959704 0.082962 0.080593
0 0.434862 0.331679 0.042100 0.083058
0 0.177765 0.885031 0.085228 0.157826
0 0.883591 0.640799 0.072064 0.225045
0 0.554479 0.388099 0.065127 0.121404
0 0.579475 0.275032 0.033235 0.100602
0 0.053884 0.485103 0.029379 0.111569
0 0.549355 0.262752 0.034227 0.119293
0 0.128566 0.563720 0.055764 0.111566
0 0.571150 0.438271 0.069521 0.111446
0 0.834912 0.666654 0.135587 0.271788
0 0.824191 0.736069 0.114017 0.147636
