0 0.719126 0.537699 0.066793 0.163581
0 0.865964 0.407855 0.052784 0.252736
0 0.791224 0.486776 0.086505 0.171184
0 0.651838 0.592489 0.078540 0.181025
0 0.068439 0.538683 0.042753 0.118540
0 0.469111 0.361629 0.032470 0.075813
0 0.556258 0.398588 0.047340 0.125440
0 0.818996 0.381720 0.054898 0.247236
0 0.305438 0.417025 0.041769 0.144108
0 0.431902 0.512534 0.075653 0.190951
0 0.384245 0.475505 0.045340 0.159201
0 0.435089 0.331607 0.036247 0.078163
0 0.885584 0.633870 0.092175 0.273548
0 0.159701 0.910241 0.077579 0.164643
0 0.578829 0.277435 0.032282 0.100772
0 0.609580 0.290956 0.044732 0.111168
0 0.590110 0.496937 0.072727 0.278428
0 0.826210 0.747415 0.102795 0.196296
0 0.118377 0.597091 0.047131 0.147390
0 0.041079 0.519681 0.036624 0.164758
0 0.481148 0.410205 0.034729 0.091943
