0 0.823943 0.448417 0.072583 0.161249
0 0.470217 0.361118 0.034466 0.074766
0 0.433353 0.513724 0.071625 0.192361
0 0.436355 0.328879 0.040544 0.082514
0 0.553366 0.399038 0.049345 0.123678
0 0.639643 0.592058 0.062670 0.166861
0 0.896171 0.421711 0.049132 0.245078
0 0.889846 0.629660 0.100449 0.252116
0 0.052406 0.521598 0.057207 0.166165
0 0.305406 0.416366 0.038678 0.133645
0 0.379714 0.480753 0.041840 0.165528
0 0.737262 0.488135 0.060993 0.221455
0 0.577720 0.276524 0.030813 0.097984
0 0.591165 0.445629 0.067862 0.173689
0 0.160206 0.923158 0.086969 0.153578
0 0.862697 0.407916 0.046473 0.239615
0 0.606086 0.296259 0.051320 0.111237
0 0.114144 0.603320 0.048703 0.147571
0 0.824561 0.737819 0.113936 0.188388
