0 0.616927 0.601999 0.084364 0.226708
0 0.437350 0.327217 0.041184 0.097004
0 0.470477 0.358600 0.045927 0.092211
0 0.441518 0.513283 0.074319 0.199234
0 0.775322 0.500510 0.068169 0.158736
0 0.501170 0.388236 0.038829 0.098610
0 0.540560 0.399945 0.047056 0.128273
0 0.913071 0.608352 0.076373 0.265773
0 0.671850 0.453885 0.083175 0.305620
0 0.143322 0.593105 0.077562 0.178356
0 0.311236 0.418444 0.045020 0.129424
0 0.375875 0.478146 0.039389 0.159620
0 0.699276 0.546796 0.072892 0.200389
0 0.168610 0.894451 0.102116 0.172768
0 0.602233 0.421895 0.094304 0.171663
0 0.831722 0.828969 0.132009 0.334028
0 0.068728 0.538018 0.042153 0.117890
0 0.170297 0.952024 0.054034 0.095953
0 0.550994 0.275731 0.055205 0.149156
0 0.059294 0.515894 0.052585 0.167633
0 0.052279 0.488972 0.033699 0.112216
