0 0.710595 0.541832 0.062416 0.169100
0 0.472041 0.356756 0.046299 0.097031
0 0.539694 0.400668 0.042495 0.130707
0 0.442118 0.514799 0.069125 0.198830
0 0.502445 0.388445 0.037623 0.096227
0 0.437618 0.326632 0.047651 0.093109
0 0.913945 0.608264 0.067094 0.264579
0 0.775171 0.501321 0.067752 0.157038
0 0.312047 0.418018 0.044692 0.127324
0 0.376470 0.478219 0.039656 0.159917
0 0.619493 0.600506 0.070678 0.221588
0 0.143029 0.591769 0.076986 0.178536
0 0.687365 0.454152 0.053696 0.318480
0 0.168427 0.905327 0.099770 0.169306
0 0.548904 0.276038 0.051437 0.146223
0 0.068084 0.538264 0.039329 0.119775
0 0.587048 0.418649 0.060453 0.152734
0 0.830170 0.825228 0.127236 0.338153
0 0.170366 0.951647 0.050098 0.096706
0 0.059086 0.516046 0.050878 0.167649
0 0.588271 0.486628 0.064482 0.284974
0 0.054301 0.489338 0.036249 0.113700
