0 0.554084 0.395024 0.048874 0.133383
0 0.435963 0.327475 0.041028 0.079896
0 0.470484 0.360905 0.034222 0.074282
0 0.631951 0.585490 0.054094 0.168996
0 0.435665 0.514571 0.071921 0.194245
0 0.863038 0.406781 0.047038 0.243118
0 0.892982 0.633438 0.106582 0.255080
0 0.895002 0.422992 0.046774 0.246389
0 0.306324 0.418573 0.041089 0.129159
0 0.380063 0.479768 0.042674 0.166458
0 0.792948 0.469553 0.071924 0.135580
0 0.051982 0.520266 0.058908 0.166908
0 0.577500 0.277186 0.030806 0.099673
0 0.736290 0.536646 0.084672 0.157201
0 0.590830 0.443729 0.068323 0.176667
0 0.607198 0.295915 0.053732 0.111742
0 0.116470 0.597418 0.049187 0.148518
0 0.203411 0.919841 0.106527 0.160318
0 0.824683 0.809259 0.106815 0.320214
0 0.543558 0.266040 0.031247 0.127741
