0 0.472260 0.355068 0.045559 0.084087
0 0.384851 0.479888 0.045369 0.158529
0 0.591523 0.446151 0.068427 0.179138
0 0.794801 0.459306 0.071599 0.169916
0 0.640876 0.601342 0.092923 0.200052
0 0.893501 0.421958 0.053254 0.254707
0 0.881602 0.643594 0.083621 0.253507
0 0.428788 0.512524 0.075918 0.190461
0 0.433621 0.328174 0.038293 0.082801
0 0.306150 0.417771 0.038059 0.138720
0 0.535603 0.407753 0.054671 0.113824
0 0.217078 0.935620 0.101383 0.128759
0 0.734460 0.501585 0.059386 0.211186
0 0.850783 0.404866 0.041504 0.231107
0 0.819966 0.815953 0.121636 0.339369
0 0.053161 0.520944 0.057423 0.166675
0 0.598177 0.292393 0.039408 0.113331
0 0.122199 0.592563 0.047494 0.162933
0 0.148622 0.891494 0.073619 0.201080
0 0.539827 0.268686 0.026083 0.125885
0 0.569873 0.275335 0.030958 0.090429
