0 0.470982 0.354198 0.047527 0.083989
0 0.771521 0.439646 0.065643 0.214021
0 0.419985 0.504533 0.073451 0.175055
0 0.591299 0.445741 0.068697 0.178611
0 0.638791 0.600644 0.091307 0.203155
0 0.721777 0.492252 0.047834 0.211477
0 0.535639 0.406664 0.053851 0.113843
0 0.306133 0.418451 0.039136 0.135218
0 0.892127 0.417819 0.054670 0.248179
0 0.432051 0.330630 0.039225 0.087018
0 0.891166 0.629710 0.071687 0.280096
0 0.217066 0.936020 0.103471 0.127960
0 0.852050 0.404741 0.040526 0.231630
0 0.379082 0.483228 0.039746 0.157402
0 0.821739 0.822827 0.124269 0.340424
0 0.149064 0.896873 0.074574 0.181937
0 0.611502 0.291759 0.051706 0.117613
0 0.539977 0.265848 0.028445 0.120092
0 0.123912 0.591487 0.046323 0.162341
0 0.573625 0.272215 0.034093 0.090153
0 0.057717 0.520562 0.066559 0.167451
0 0.048728 0.488741 0.045349 0.100152
