0 0.764816 0.494861 0.058159 0.137643
0 0.646183 0.591738 0.073833 0.187188
0 0.723902 0.536740 0.076197 0.165193
0 0.598108 0.288553 0.042097 0.117122
0 0.469137 0.365006 0.033459 0.078938
0 0.242491 0.928301 0.106883 0.143399
0 0.519873 0.382347 0.036454 0.100303
0 0.882255 0.644380 0.081460 0.259147
0 0.434307 0.330766 0.036700 0.075981
0 0.550961 0.401521 0.049119 0.127191
0 0.310086 0.408743 0.040077 0.139082
0 0.429653 0.512385 0.075793 0.189978
0 0.372653 0.475170 0.051368 0.164840
0 0.167468 0.913113 0.087757 0.173774
0 0.591956 0.498128 0.068603 0.283357
0 0.064767 0.485462 0.036559 0.121941
0 0.121909 0.588044 0.047138 0.153484
0 0.575189 0.277928 0.028581 0.096383
0 0.834140 0.736993 0.091870 0.169256
0 0.051095 0.548423 0.043709 0.111262
