0 0.787333 0.492891 0.091525 0.156950
0 0.909707 0.607139 0.075004 0.261051
0 0.469469 0.365432 0.036651 0.082195
0 0.543497 0.395289 0.037907 0.127862
0 0.719729 0.544587 0.066099 0.154578
0 0.503859 0.387592 0.032267 0.094984
0 0.315090 0.415175 0.047415 0.122372
0 0.189915 0.963462 0.078406 0.073077
0 0.073605 0.538353 0.049509 0.118730
0 0.430847 0.331554 0.042992 0.086440
0 0.695532 0.450179 0.104109 0.318039
0 0.161388 0.912094 0.084526 0.147762
0 0.577976 0.504630 0.075483 0.257471
0 0.056159 0.492198 0.036974 0.120868
0 0.123587 0.593603 0.051201 0.166652
0 0.625115 0.553679 0.070500 0.124450
0 0.548480 0.273699 0.050629 0.138856
0 0.376103 0.485383 0.062016 0.174057
0 0.603326 0.304910 0.045965 0.114348
0 0.579754 0.446896 0.067124 0.142779
