0 0.712540 0.539732 0.062117 0.164615
0 0.785877 0.493106 0.088804 0.170697
0 0.598130 0.289654 0.041213 0.118207
0 0.301336 0.419385 0.045690 0.146129
0 0.549645 0.402409 0.048097 0.125116
0 0.468840 0.364785 0.032956 0.080831
0 0.434245 0.332250 0.036633 0.073870
0 0.503379 0.386741 0.034053 0.096517
0 0.651089 0.587378 0.076711 0.178812
0 0.884606 0.647915 0.086891 0.267340
0 0.420799 0.512312 0.085621 0.185805
0 0.586314 0.426747 0.062983 0.134492
0 0.120971 0.591403 0.057522 0.143758
0 0.069238 0.483107 0.042777 0.116441
0 0.056859 0.544085 0.053046 0.120806
0 0.585942 0.498970 0.064306 0.279285
0 0.575314 0.277569 0.028981 0.100539
0 0.152110 0.903007 0.071395 0.154450
