0 0.616776 0.288066 0.042624 0.106959
0 0.721643 0.547203 0.064329 0.160825
0 0.783661 0.501217 0.068567 0.100411
0 0.473428 0.365141 0.033260 0.086295
0 0.422353 0.502257 0.072015 0.172967
0 0.538594 0.391877 0.046457 0.109758
0 0.437194 0.330465 0.032185 0.093825
0 0.352157 0.320861 0.047428 0.102411
0 0.066858 0.542992 0.043916 0.114375
0 0.297700 0.487917 0.074274 0.222527
0 0.503705 0.387768 0.042183 0.100395
0 0.849739 0.699153 0.092066 0.248745
0 0.381103 0.469980 0.043099 0.171583
0 0.172556 0.892481 0.089746 0.167045
0 0.316301 0.423592 0.049650 0.144706
0 0.551933 0.277671 0.038251 0.149924
0 0.920122 0.491636 0.060185 0.165729
0 0.581426 0.278704 0.038422 0.102454
0 0.131137 0.561096 0.055017 0.108170
0 0.256495 0.354665 0.041639 0.244527
0 0.199676 0.954316 0.077413 0.090012
