0 0.068143 0.539443 0.042675 0.116945
0 0.466453 0.365474 0.038568 0.087373
0 0.301752 0.417006 0.055784 0.127536
0 0.906832 0.620472 0.078244 0.273208
0 0.788406 0.491522 0.089748 0.143053
0 0.502693 0.386856 0.034442 0.098020
0 0.731416 0.538378 0.086238 0.159073
0 0.434023 0.526912 0.088013 0.196663
0 0.824805 0.751688 0.086100 0.212861
0 0.434560 0.332276 0.037242 0.090098
0 0.666896 0.575186 0.073899 0.144893
0 0.573631 0.270572 0.030841 0.094646
0 0.123672 0.573989 0.052424 0.120860
0 0.553190 0.261819 0.033635 0.108335
0 0.559726 0.513481 0.081138 0.398697
0 0.539627 0.386980 0.035690 0.120996
0 0.598263 0.291290 0.039184 0.116884
0 0.381245 0.481076 0.043460 0.158019
0 0.038856 0.521004 0.045640 0.165241
