0 0.468887 0.357783 0.037599 0.092219
0 0.442787 0.516776 0.074622 0.194183
0 0.541509 0.391427 0.048535 0.112301
0 0.437008 0.322355 0.041573 0.086188
0 0.916276 0.615290 0.065621 0.272358
0 0.375988 0.479084 0.042471 0.156132
0 0.068654 0.536939 0.041956 0.120851
0 0.827397 0.822553 0.121714 0.332856
0 0.615840 0.597391 0.074739 0.226419
0 0.310817 0.302686 0.054815 0.164420
0 0.315861 0.412969 0.042553 0.121675
0 0.549364 0.277263 0.052572 0.151330
0 0.762750 0.489776 0.053205 0.178295
0 0.498759 0.387910 0.036374 0.096226
0 0.568092 0.438226 0.061875 0.105845
0 0.156230 0.919172 0.075756 0.152957
0 0.132564 0.578444 0.067424 0.141985
0 0.603756 0.293075 0.050335 0.119826
0 0.054919 0.493668 0.036170 0.125304
0 0.610595 0.508093 0.051440 0.199035
