0 0.417935 0.503350 0.070621 0.171895
0 0.316505 0.412972 0.051530 0.122629
0 0.580164 0.282033 0.035816 0.110921
0 0.505907 0.386581 0.038423 0.101237
0 0.894066 0.644109 0.075410 0.263947
0 0.817335 0.822437 0.112900 0.342792
0 0.477986 0.353760 0.041541 0.101411
0 0.350432 0.323322 0.049511 0.098316
0 0.784788 0.476251 0.098854 0.135250
0 0.617154 0.285673 0.046781 0.119291
0 0.068677 0.536174 0.042945 0.119899
0 0.376456 0.466757 0.041047 0.139394
0 0.431656 0.340188 0.046106 0.076950
0 0.915679 0.501863 0.046379 0.144810
0 0.174591 0.912920 0.087532 0.165165
0 0.182797 0.958707 0.097118 0.082586
0 0.549726 0.269978 0.038155 0.136593
0 0.574617 0.381219 0.034159 0.104895
0 0.143892 0.614703 0.090217 0.222295
0 0.052700 0.516530 0.043242 0.165978
0 0.570067 0.446290 0.067947 0.094862
0 0.129458 0.561585 0.060446 0.110452
