0 0.466604 0.365516 0.039814 0.087727
0 0.599346 0.288919 0.041372 0.115189
0 0.303166 0.420395 0.055546 0.133439
0 0.503312 0.388788 0.034856 0.093801
0 0.720151 0.546143 0.111658 0.180112
0 0.909624 0.617076 0.076456 0.262505
0 0.789120 0.488453 0.087027 0.138800
0 0.712820 0.408650 0.091673 0.208729
0 0.432187 0.325175 0.036323 0.076519
0 0.070483 0.537794 0.042682 0.116736
0 0.545209 0.395921 0.040063 0.120902
0 0.191130 0.962559 0.079352 0.074881
0 0.124071 0.573196 0.052404 0.121143
0 0.382544 0.479975 0.041247 0.155907
0 0.163757 0.908579 0.082296 0.141177
0 0.433154 0.536773 0.078226 0.233289
0 0.617092 0.597845 0.086864 0.225383
0 0.577255 0.439117 0.072679 0.121826
0 0.833216 0.733809 0.100838 0.144383
0 0.576325 0.502139 0.081317 0.247793
0 0.056125 0.493942 0.037757 0.123720
0 0.574380 0.277236 0.030831 0.094983
0 0.539536 0.268076 0.033466 0.134210
0 0.609955 0.552621 0.067618 0.139463
0 0.829423 0.824454 0.116093 0.339181
