0 0.714772 0.539179 0.063325 0.162451
0 0.763551 0.487936 0.058520 0.155481
0 0.433675 0.327878 0.035400 0.082467
0 0.468407 0.367038 0.036959 0.083530
0 0.502064 0.381040 0.035261 0.088012
0 0.119728 0.618479 0.060382 0.207898
0 0.377446 0.481056 0.049709 0.160010
0 0.439593 0.516612 0.076742 0.181445
0 0.648117 0.579857 0.066372 0.159334
0 0.316498 0.416896 0.046078 0.119198
0 0.188367 0.963378 0.078098 0.073244
0 0.918569 0.606899 0.068430 0.269038
0 0.540165 0.390987 0.063616 0.127405
0 0.162213 0.913720 0.085851 0.148853
0 0.604287 0.293301 0.045748 0.114474
0 0.162015 0.527035 0.066693 0.303621
0 0.063056 0.517205 0.055063 0.166179
0 0.548364 0.269055 0.049542 0.138191
0 0.574239 0.279256 0.028468 0.094642
0 0.573063 0.502083 0.080675 0.243426
0 0.578064 0.444215 0.068534 0.129824
