0 0.714678 0.538730 0.066531 0.169941
0 0.650601 0.593505 0.077026 0.180889
0 0.791271 0.486372 0.086241 0.174495
0 0.865480 0.410580 0.052799 0.245121
0 0.470640 0.365007 0.034772 0.082175
0 0.555741 0.400855 0.045891 0.121008
0 0.304322 0.415270 0.042071 0.139694
0 0.434564 0.515613 0.071579 0.194299
0 0.069741 0.533281 0.042181 0.126372
0 0.384104 0.475484 0.044966 0.159188
0 0.436105 0.328315 0.040264 0.071846
0 0.156611 0.911194 0.078467 0.166227
0 0.606584 0.290051 0.042388 0.115694
0 0.515916 0.388521 0.046404 0.109560
0 0.590270 0.498073 0.070891 0.281413
0 0.577389 0.278558 0.030256 0.102804
0 0.813749 0.376820 0.040964 0.248198
0 0.890116 0.655524 0.098278 0.230943
0 0.824102 0.738786 0.100557 0.180507
0 0.041569 0.519787 0.038206 0.162401
0 0.115293 0.599351 0.047047 0.153259
