0 0.777444 0.496851 0.113176 0.180436
0 0.347279 0.325870 0.047592 0.104815
0 0.473127 0.360821 0.042990 0.090073
0 0.623290 0.597417 0.080910 0.216901
0 0.316263 0.414169 0.050607 0.119553
0 0.377496 0.477461 0.041713 0.160659
0 0.677245 0.542246 0.070069 0.190591
0 0.427050 0.506995 0.071834 0.186296
0 0.621521 0.294391 0.042301 0.108473
0 0.505812 0.390529 0.027583 0.094025
0 0.422385 0.329558 0.042380 0.083911
0 0.828688 0.822601 0.123164 0.332998
0 0.570047 0.436417 0.063982 0.113871
0 0.548787 0.276020 0.050708 0.140681
0 0.069113 0.538181 0.038230 0.117320
0 0.060760 0.515049 0.050824 0.168871
0 0.865222 0.657771 0.128931 0.254845
0 0.056186 0.486919 0.036237 0.112050
0 0.898409 0.652353 0.065010 0.232251
0 0.548936 0.383515 0.047423 0.099531
0 0.139110 0.612525 0.089364 0.222700
0 0.133146 0.567959 0.071422 0.131221
0 0.579064 0.270482 0.034499 0.090403
