0 0.714742 0.540629 0.067568 0.162281
0 0.639296 0.458559 0.071220 0.235738
0 0.470281 0.366507 0.036222 0.084954
0 0.549024 0.392570 0.049992 0.113712
0 0.502364 0.386597 0.036251 0.098162
0 0.646299 0.582266 0.065615 0.162051
0 0.435685 0.526024 0.076153 0.190483
0 0.432613 0.329494 0.041117 0.088141
0 0.312999 0.414966 0.047956 0.121620
0 0.187859 0.963205 0.077719 0.073591
0 0.765261 0.498669 0.053765 0.142655
0 0.921306 0.595109 0.070723 0.267976
0 0.820642 0.821598 0.107454 0.336591
0 0.068751 0.537413 0.042612 0.120439
0 0.379834 0.477780 0.047237 0.153909
0 0.548783 0.273215 0.050990 0.146953
0 0.141968 0.590257 0.074484 0.178909
0 0.161382 0.909270 0.083500 0.137035
0 0.602941 0.294492 0.038636 0.119977
0 0.575144 0.278903 0.032769 0.112636
0 0.058122 0.516448 0.052709 0.168527
0 0.049670 0.490920 0.031392 0.116977
