0 0.437324 0.326711 0.035931 0.084743
0 0.473682 0.354548 0.045684 0.085830
0 0.632632 0.594118 0.092791 0.219109
0 0.307070 0.413790 0.042012 0.153611
0 0.893100 0.422530 0.054296 0.250240
0 0.224226 0.932451 0.119444 0.135098
0 0.535848 0.407777 0.054782 0.115363
0 0.883081 0.642853 0.084121 0.262179
0 0.419077 0.502800 0.076933 0.177721
0 0.852516 0.402593 0.039822 0.229840
0 0.164664 0.919778 0.083965 0.150982
0 0.590877 0.437984 0.067925 0.163362
0 0.378807 0.481440 0.040687 0.160089
0 0.576581 0.278140 0.028573 0.100067
0 0.817998 0.815311 0.115761 0.354568
0 0.120159 0.595184 0.046696 0.162115
0 0.609899 0.321167 0.059794 0.161464
0 0.049601 0.550123 0.041781 0.112734
0 0.540057 0.268827 0.030096 0.128739
0 0.052656 0.521123 0.055802 0.163424
0 0.829505 0.748849 0.085413 0.225534
