0 0.614410 0.609604 0.077145 0.202265
0 0.781082 0.485886 0.070774 0.148265
0 0.726876 0.541299 0.069563 0.158727
0 0.306051 0.416066 0.035258 0.129156
0 0.589973 0.436900 0.063759 0.158792
0 0.134163 0.646758 0.067719 0.221415
0 0.071905 0.526835 0.053428 0.137202
0 0.253544 0.926519 0.092418 0.146471
0 0.545840 0.403946 0.047929 0.125812
0 0.440614 0.324703 0.041659 0.071034
0 0.391246 0.467518 0.079390 0.278691
0 0.168178 0.897018 0.088046 0.199693
0 0.584694 0.277960 0.035580 0.103781
0 0.901388 0.642127 0.069768 0.268236
0 0.039286 0.518935 0.036553 0.157355
0 0.615966 0.294531 0.045855 0.121724
0 0.549340 0.260786 0.034620 0.122379
0 0.473767 0.354244 0.031346 0.068371
