0 0.826588 0.415887 0.076331 0.205474
0 0.466806 0.366098 0.038380 0.087339
0 0.301560 0.418104 0.054516 0.129053
0 0.733939 0.534038 0.093194 0.150337
0 0.542587 0.396685 0.036965 0.118981
0 0.434371 0.524031 0.083948 0.209132
0 0.897381 0.614757 0.070976 0.258868
0 0.069155 0.538493 0.041255 0.118201
0 0.190734 0.963767 0.078215 0.072465
0 0.433040 0.331221 0.037345 0.089321
0 0.824852 0.753662 0.088476 0.214825
0 0.382338 0.478261 0.042495 0.154469
0 0.793773 0.482633 0.091910 0.148208
0 0.504327 0.389196 0.034435 0.094514
0 0.577395 0.503346 0.077145 0.259202
0 0.161067 0.912410 0.083561 0.145875
0 0.122765 0.591034 0.057077 0.143799
0 0.597649 0.288590 0.051017 0.115774
0 0.050981 0.484256 0.033552 0.124866
0 0.550564 0.274785 0.035793 0.142624
0 0.655124 0.593407 0.117888 0.209823
0 0.573720 0.271468 0.031964 0.092095
0 0.577991 0.443321 0.071667 0.136911
