0 0.465123 0.363919 0.035973 0.085515
0 0.732019 0.543482 0.085667 0.156968
0 0.598627 0.290387 0.040505 0.112643
0 0.300887 0.417498 0.053265 0.129003
0 0.543538 0.394001 0.038582 0.124054
0 0.902196 0.620843 0.068210 0.270804
0 0.749916 0.406852 0.066635 0.176354
0 0.069114 0.538601 0.041695 0.118175
0 0.666090 0.576479 0.068711 0.146181
0 0.191099 0.963308 0.079100 0.073384
0 0.437268 0.517271 0.075699 0.199034
0 0.787605 0.493510 0.092885 0.136835
0 0.824944 0.753982 0.085683 0.213660
0 0.433217 0.331508 0.036743 0.088327
0 0.576812 0.504126 0.078584 0.256824
0 0.384762 0.481038 0.050801 0.165136
0 0.123637 0.574798 0.052379 0.120072
0 0.499401 0.386656 0.037323 0.092714
0 0.161083 0.902708 0.084274 0.145204
0 0.059986 0.481189 0.042384 0.127393
0 0.547061 0.259857 0.027662 0.098978
0 0.570852 0.274309 0.033193 0.105931
0 0.579591 0.448126 0.068911 0.144894
