0 0.466674 0.363973 0.039084 0.089245
0 0.777971 0.402450 0.061355 0.176938
0 0.731657 0.542080 0.084802 0.160892
0 0.301311 0.417416 0.054240 0.127106
0 0.543527 0.397180 0.039145 0.119988
0 0.503081 0.387429 0.036222 0.097862
0 0.903687 0.626460 0.068630 0.274787
0 0.789122 0.493744 0.091817 0.142045
0 0.450318 0.521320 0.089261 0.197189
0 0.069091 0.538724 0.041635 0.117750
0 0.666007 0.576053 0.068894 0.147416
0 0.825024 0.753305 0.086151 0.213749
0 0.191155 0.963162 0.079101 0.073676
0 0.433079 0.332338 0.035306 0.089384
0 0.123713 0.574556 0.053312 0.120577
0 0.575903 0.504782 0.079896 0.259324
0 0.162240 0.901259 0.081481 0.137874
0 0.386219 0.481110 0.053856 0.164238
0 0.061122 0.481747 0.044851 0.128231
0 0.576503 0.444746 0.074789 0.137559
0 0.573621 0.282173 0.049595 0.117876
0 0.547614 0.262756 0.026671 0.101091
