0 0.729634 0.539612 0.090571 0.167019
0 0.598326 0.289006 0.038984 0.116495
0 0.466586 0.364635 0.037596 0.085752
0 0.069680 0.539250 0.041861 0.114859
0 0.911534 0.616204 0.067780 0.256512
0 0.301826 0.416740 0.055742 0.127693
0 0.433205 0.521502 0.081622 0.205887
0 0.542017 0.399611 0.037374 0.116043
0 0.503923 0.386373 0.032511 0.098100
0 0.780597 0.415022 0.086451 0.177952
0 0.432550 0.331839 0.035552 0.092146
0 0.643065 0.573574 0.065431 0.157392
0 0.786429 0.489092 0.089408 0.144046
0 0.576893 0.505439 0.079581 0.263322
0 0.191179 0.962437 0.077689 0.075126
0 0.124019 0.572982 0.053259 0.120879
0 0.383302 0.480076 0.041448 0.153603
0 0.055595 0.492960 0.037236 0.125054
0 0.833975 0.733576 0.102854 0.143365
0 0.576118 0.274632 0.029006 0.098194
0 0.528209 0.269971 0.044852 0.131678
0 0.163322 0.916203 0.084660 0.150746
0 0.581113 0.447695 0.066692 0.146158
