0 0.703845 0.541178 0.058400 0.170435
0 0.768186 0.488750 0.054063 0.159663
0 0.635243 0.592724 0.089726 0.214129
0 0.871123 0.412866 0.064647 0.233767
0 0.385084 0.480297 0.043929 0.157459
0 0.182266 0.882036 0.075878 0.180746
0 0.834665 0.402482 0.051865 0.235591
0 0.552722 0.405195 0.048749 0.122384
0 0.436743 0.329724 0.042734 0.086716
0 0.595851 0.287814 0.043717 0.120108
0 0.429781 0.516545 0.081289 0.192045
0 0.306315 0.420606 0.040634 0.139896
0 0.876920 0.632194 0.077187 0.255324
0 0.475515 0.349612 0.041640 0.085695
0 0.594900 0.446848 0.061385 0.174388
0 0.541004 0.268561 0.031134 0.126220
0 0.121077 0.620882 0.056562 0.216320
0 0.053714 0.520163 0.062144 0.168228
0 0.222947 0.948404 0.083974 0.103193
0 0.830359 0.738839 0.090632 0.183979
