0 0.471777 0.357747 0.045555 0.095614
0 0.729967 0.539166 0.060639 0.149796
0 0.436143 0.325748 0.035830 0.084464
0 0.539554 0.399738 0.050140 0.126046
0 0.500835 0.386995 0.037950 0.095804
0 0.310195 0.418184 0.047639 0.127336
0 0.776229 0.492211 0.058472 0.144819
0 0.616092 0.598529 0.077580 0.221388
0 0.142959 0.591460 0.076941 0.177726
0 0.433672 0.525681 0.083732 0.175479
0 0.920203 0.607530 0.068362 0.265750
0 0.166204 0.905030 0.094178 0.153849
0 0.826068 0.823391 0.116626 0.341232
0 0.639739 0.443049 0.075713 0.345454
0 0.059460 0.515835 0.052485 0.168042
0 0.594367 0.419299 0.079367 0.148645
0 0.172672 0.951537 0.049827 0.095541
0 0.375690 0.475840 0.039577 0.154954
0 0.068935 0.539454 0.044468 0.116971
0 0.548600 0.278167 0.052379 0.155354
