0 0.730811 0.539641 0.061918 0.149326
0 0.538066 0.396393 0.048027 0.123019
0 0.465674 0.363523 0.044991 0.090334
0 0.435098 0.326698 0.040102 0.080095
0 0.142623 0.591457 0.071296 0.171075
0 0.777177 0.493156 0.061364 0.143959
0 0.183743 0.963105 0.074030 0.073790
0 0.438172 0.524199 0.081360 0.175690
0 0.672995 0.436044 0.101522 0.335489
0 0.167523 0.898318 0.098053 0.151363
0 0.310145 0.417396 0.046544 0.128022
0 0.503686 0.388368 0.031601 0.094851
0 0.823564 0.819372 0.111676 0.336113
0 0.060967 0.515472 0.054584 0.170216
0 0.592481 0.420390 0.090093 0.151074
0 0.919975 0.606368 0.070002 0.262222
0 0.548674 0.276112 0.050393 0.148410
0 0.378909 0.476537 0.047430 0.155349
0 0.614441 0.589486 0.084628 0.161615
