0 0.069543 0.538565 0.041779 0.118279
0 0.301414 0.416243 0.054626 0.128287
0 0.466501 0.365469 0.037376 0.087282
0 0.598742 0.290412 0.040144 0.114539
0 0.730846 0.536773 0.077010 0.157322
0 0.788145 0.493524 0.090136 0.136533
0 0.666894 0.576592 0.071473 0.145037
0 0.898098 0.631177 0.068860 0.266820
0 0.501367 0.388020 0.035059 0.090787
0 0.824763 0.753704 0.085285 0.215290
0 0.554605 0.262867 0.034233 0.113934
0 0.124027 0.574378 0.053049 0.120262
0 0.057045 0.483475 0.040465 0.128619
0 0.573148 0.273790 0.031436 0.101954
0 0.535351 0.389020 0.034999 0.109925
0 0.560368 0.516783 0.077758 0.396339
0 0.433734 0.334232 0.038203 0.091735
0 0.194272 0.960950 0.085273 0.078100
0 0.378170 0.480689 0.037580 0.157125
0 0.416801 0.511097 0.065409 0.171462
