0 0.418679 0.503666 0.073720 0.172338
0 0.346925 0.323885 0.046345 0.104138
0 0.500542 0.387375 0.042779 0.100843
0 0.474986 0.351870 0.038666 0.098220
0 0.579692 0.281666 0.035013 0.110240
0 0.819098 0.821899 0.115623 0.342035
0 0.316362 0.412368 0.052040 0.122227
0 0.784983 0.475884 0.099422 0.138342
0 0.897233 0.632940 0.072090 0.272030
0 0.060137 0.515390 0.057603 0.168772
0 0.376615 0.468785 0.040707 0.142720
0 0.616282 0.286822 0.045068 0.120167
0 0.173370 0.913855 0.090616 0.166743
0 0.181124 0.958342 0.099371 0.083316
0 0.430688 0.340299 0.046272 0.070795
0 0.573362 0.381772 0.034887 0.104739
0 0.549970 0.270977 0.038729 0.138433
0 0.909848 0.496897 0.053676 0.124767
0 0.141273 0.614894 0.088072 0.216261
0 0.126533 0.559346 0.056371 0.105216
0 0.570103 0.446381 0.067255 0.094454
