0 0.792447 0.483785 0.077250 0.145699
0 0.612896 0.290616 0.044194 0.112043
0 0.432392 0.521903 0.082431 0.196657
0 0.721088 0.552147 0.075356 0.147991
0 0.465327 0.355259 0.035961 0.087442
0 0.533958 0.395000 0.048788 0.138018
0 0.353044 0.318824 0.046703 0.096718
0 0.576058 0.277684 0.035486 0.105979
0 0.816094 0.813717 0.111457 0.349803
0 0.440014 0.320771 0.040909 0.094265
0 0.130710 0.557693 0.053148 0.105455
0 0.591821 0.423945 0.058810 0.150689
0 0.920439 0.518336 0.054674 0.226366
0 0.293719 0.355759 0.033795 0.082515
0 0.488755 0.385154 0.041205 0.091020
0 0.547539 0.276902 0.042802 0.151494
0 0.312188 0.409214 0.070233 0.187089
0 0.054219 0.519400 0.061787 0.167183
0 0.067733 0.539357 0.043894 0.116690
0 0.161239 0.872987 0.088311 0.152323
