0 0.433587 0.518868 0.084294 0.192747
0 0.790932 0.482347 0.089644 0.147591
0 0.068907 0.538284 0.042633 0.119183
0 0.467658 0.366018 0.037183 0.086199
0 0.728482 0.532072 0.084263 0.148266
0 0.868024 0.437613 0.072160 0.200214
0 0.542995 0.395240 0.037758 0.123283
0 0.433291 0.326468 0.035029 0.077699
0 0.303836 0.422189 0.057115 0.138062
0 0.892258 0.627900 0.076170 0.266727
0 0.824628 0.754367 0.086292 0.211838
0 0.190406 0.963395 0.078214 0.073210
0 0.505247 0.388281 0.030611 0.095450
0 0.160401 0.910912 0.084342 0.142169
0 0.576754 0.504591 0.077321 0.255606
0 0.122022 0.590539 0.055546 0.144834
0 0.381248 0.450347 0.037432 0.097253
0 0.551131 0.271314 0.033232 0.136307
0 0.051110 0.480513 0.026210 0.127628
0 0.653998 0.596786 0.120452 0.208507
0 0.574142 0.277369 0.030690 0.104305
0 0.578660 0.447127 0.068799 0.138235
0 0.676454 0.573655 0.078143 0.153949
0 0.598486 0.293907 0.038198 0.117082
