0 0.787683 0.495941 0.093861 0.175353
0 0.543296 0.405440 0.039689 0.122733
0 0.597687 0.288314 0.041787 0.118613
0 0.658902 0.586008 0.092376 0.178502
0 0.710494 0.530947 0.056860 0.148939
0 0.434144 0.333913 0.036579 0.075106
0 0.438695 0.523877 0.077421 0.182138
0 0.827881 0.752333 0.086535 0.209921
0 0.887182 0.645518 0.085269 0.258384
0 0.502419 0.386040 0.036753 0.099481
0 0.306565 0.419272 0.043886 0.142002
0 0.064002 0.540165 0.054258 0.123878
0 0.466257 0.364031 0.032546 0.077634
0 0.586073 0.430607 0.056573 0.121208
0 0.560581 0.515738 0.100914 0.289546
0 0.121766 0.590130 0.057072 0.142558
0 0.383408 0.481542 0.046220 0.157574
0 0.068367 0.481315 0.040029 0.115599
