0 0.643976 0.588619 0.071673 0.190049
0 0.763309 0.494299 0.057493 0.139578
0 0.723269 0.536652 0.077585 0.167095
0 0.597963 0.288398 0.041884 0.118097
0 0.469594 0.365062 0.033201 0.086360
0 0.429379 0.512991 0.078783 0.190242
0 0.554670 0.400295 0.051020 0.120563
0 0.505474 0.391092 0.044131 0.095981
0 0.159513 0.912492 0.081334 0.169038
0 0.434497 0.331945 0.036749 0.074793
0 0.881903 0.645291 0.080681 0.246946
0 0.307699 0.408591 0.034438 0.142394
0 0.223351 0.937661 0.082786 0.124677
0 0.374410 0.473041 0.047088 0.164115
0 0.590708 0.497289 0.070825 0.281980
0 0.068547 0.506662 0.047637 0.158983
0 0.575609 0.277703 0.028319 0.100316
0 0.123547 0.588108 0.049621 0.158650
0 0.838685 0.757134 0.081019 0.211940
