0 0.704263 0.546001 0.059212 0.162976
0 0.436542 0.328443 0.041988 0.078648
0 0.388002 0.481355 0.049808 0.159579
0 0.439308 0.519064 0.076955 0.198542
0 0.472705 0.355215 0.044960 0.084349
0 0.880661 0.416297 0.058519 0.241774
0 0.305528 0.415452 0.038173 0.142074
0 0.596882 0.288864 0.043057 0.118338
0 0.182307 0.880077 0.074281 0.179602
0 0.553210 0.402025 0.048368 0.124880
0 0.635753 0.590981 0.091906 0.214772
0 0.767437 0.490701 0.052078 0.159420
0 0.594885 0.446649 0.061261 0.174596
0 0.805618 0.396899 0.041477 0.253655
0 0.058127 0.547122 0.049078 0.114010
0 0.883245 0.626090 0.083439 0.272288
0 0.540951 0.268200 0.030921 0.125185
0 0.823492 0.815823 0.105037 0.339599
0 0.117635 0.602328 0.055765 0.166622
0 0.036281 0.487617 0.023682 0.098878
0 0.221965 0.947601 0.085318 0.104799
