0 0.629522 0.594496 0.074284 0.212226
0 0.706302 0.540268 0.055570 0.169997
0 0.790317 0.491191 0.086572 0.165438
0 0.597403 0.287486 0.042517 0.119755
0 0.434749 0.332049 0.044489 0.079563
0 0.479360 0.354602 0.031384 0.070067
0 0.398267 0.493504 0.069164 0.192355
0 0.911669 0.615162 0.072370 0.274196
0 0.183364 0.894126 0.077423 0.196665
0 0.310786 0.414640 0.046488 0.138717
0 0.834037 0.402224 0.057091 0.224367
0 0.554798 0.393792 0.050913 0.133693
0 0.790152 0.388871 0.064306 0.172204
0 0.815601 0.323608 0.040292 0.120571
0 0.045143 0.521181 0.048463 0.163232
0 0.550359 0.259771 0.028727 0.115599
0 0.141086 0.372249 0.030388 0.106442
0 0.066522 0.538565 0.040856 0.114477
0 0.121756 0.606649 0.061074 0.212003
0 0.219413 0.954036 0.080795 0.091929
0 0.586549 0.436868 0.048156 0.110745
