0 0.719761 0.550131 0.060436 0.150747
0 0.418817 0.503692 0.073751 0.175600
0 0.773787 0.480447 0.055160 0.131950
0 0.351253 0.321342 0.046023 0.103445
0 0.067070 0.524893 0.050362 0.149487
0 0.538985 0.395281 0.043188 0.112850
0 0.618628 0.287421 0.044016 0.115401
0 0.434150 0.327159 0.034866 0.079082
0 0.503649 0.388027 0.036917 0.096532
0 0.906268 0.633740 0.067698 0.241039
0 0.459959 0.371211 0.044271 0.083383
0 0.581509 0.279598 0.039106 0.102715
0 0.551481 0.276557 0.039159 0.146534
0 0.380648 0.482172 0.045218 0.160983
0 0.172365 0.910329 0.093197 0.169958
0 0.189565 0.961806 0.081485 0.076387
0 0.317530 0.422600 0.046688 0.139277
0 0.130612 0.562194 0.058307 0.108355
0 0.299639 0.482331 0.076867 0.177304
0 0.573907 0.448280 0.064323 0.105416
0 0.825702 0.726521 0.118354 0.172339
0 0.575300 0.506174 0.076662 0.224863
