0 0.712525 0.539681 0.067265 0.167889
0 0.649005 0.588835 0.076633 0.188861
0 0.301063 0.419954 0.045762 0.144555
0 0.598064 0.288976 0.042339 0.118183
0 0.549304 0.405909 0.047880 0.120326
0 0.238173 0.928423 0.139370 0.143154
0 0.434182 0.331750 0.036390 0.073488
0 0.423623 0.503055 0.079176 0.199168
0 0.163060 0.913954 0.094471 0.172051
0 0.469034 0.364064 0.032876 0.079647
0 0.883469 0.646427 0.083321 0.249956
0 0.755758 0.488109 0.046172 0.157319
0 0.592208 0.497931 0.068220 0.282504
0 0.120702 0.592200 0.056197 0.144311
0 0.065978 0.479939 0.033848 0.108036
0 0.057564 0.544576 0.052752 0.119615
0 0.574835 0.277863 0.028396 0.096776
0 0.829139 0.813376 0.111168 0.328769
0 0.840821 0.755946 0.080340 0.211763
0 0.526583 0.385052 0.040020 0.090524
