0 0.590962 0.445557 0.068604 0.177793
0 0.772504 0.439316 0.064131 0.206839
0 0.638780 0.598661 0.089261 0.201944
0 0.430393 0.514717 0.076450 0.193526
0 0.720862 0.493258 0.047819 0.210883
0 0.471665 0.355356 0.048842 0.081324
0 0.893909 0.417074 0.051997 0.246506
0 0.853107 0.403376 0.042496 0.233944
0 0.535590 0.407439 0.054145 0.114742
0 0.306329 0.418860 0.039739 0.136319
0 0.435748 0.328331 0.048326 0.074777
0 0.383274 0.481275 0.042110 0.157437
0 0.890071 0.639247 0.079067 0.269326
0 0.226504 0.936231 0.088402 0.121445
0 0.820471 0.821513 0.120896 0.347946
0 0.573005 0.275325 0.035078 0.097207
0 0.053126 0.521286 0.058927 0.165591
0 0.149091 0.895485 0.079102 0.174740
0 0.611149 0.290673 0.048783 0.116824
0 0.540578 0.266137 0.028925 0.123960
0 0.135101 0.603700 0.074683 0.164772
