0 0.780291 0.489479 0.072852 0.166452
0 0.706027 0.541591 0.050253 0.163071
0 0.435833 0.331413 0.037985 0.097127
0 0.597897 0.288159 0.043947 0.120273
0 0.623998 0.606906 0.077077 0.197961
0 0.398913 0.494234 0.069757 0.191104
0 0.594343 0.444169 0.057508 0.173581
0 0.310036 0.413854 0.045175 0.133054
0 0.887545 0.636532 0.072567 0.270556
0 0.052175 0.519302 0.059772 0.163730
0 0.214156 0.929938 0.109806 0.140124
0 0.146097 0.856825 0.096819 0.220711
0 0.538768 0.523892 0.068161 0.386706
0 0.552400 0.260003 0.030351 0.117426
0 0.116542 0.607584 0.053627 0.134803
0 0.480630 0.358910 0.035484 0.068723
0 0.551606 0.380458 0.041464 0.107367
