0 0.619007 0.600111 0.086126 0.214397
0 0.781463 0.494213 0.104486 0.172475
0 0.706394 0.548262 0.061848 0.162369
0 0.348035 0.323025 0.046855 0.102455
0 0.541010 0.392851 0.044083 0.114412
0 0.069534 0.537772 0.040371 0.121221
0 0.500872 0.385145 0.036006 0.101754
0 0.374990 0.476558 0.050890 0.165932
0 0.474069 0.360124 0.036817 0.087459
0 0.316531 0.414758 0.052178 0.117719
0 0.621778 0.293478 0.040430 0.107504
0 0.426453 0.506222 0.074416 0.186113
0 0.844622 0.761697 0.086525 0.211934
0 0.858280 0.657822 0.115516 0.224278
0 0.548179 0.276540 0.049946 0.142449
0 0.569986 0.439259 0.064652 0.107771
0 0.422213 0.328588 0.040392 0.081958
0 0.050526 0.486581 0.034153 0.105341
0 0.131977 0.571702 0.069309 0.132383
0 0.138212 0.615114 0.086519 0.223155
0 0.580235 0.273543 0.035820 0.097529
