0 0.704009 0.537730 0.060581 0.178405
0 0.472150 0.354690 0.045700 0.084911
0 0.762657 0.496114 0.058610 0.169721
0 0.591279 0.446308 0.068184 0.176415
0 0.638825 0.600062 0.087244 0.196887
0 0.385082 0.481074 0.045237 0.160965
0 0.881163 0.639657 0.081485 0.264951
0 0.433812 0.327293 0.037643 0.079880
0 0.893422 0.422165 0.053173 0.251848
0 0.431433 0.515371 0.077960 0.193277
0 0.535436 0.407590 0.054575 0.114781
0 0.306057 0.417210 0.038967 0.138357
0 0.227456 0.928398 0.114553 0.143204
0 0.851663 0.402862 0.041690 0.227263
0 0.177903 0.869370 0.075369 0.201281
0 0.051505 0.521223 0.056887 0.166907
0 0.598148 0.291828 0.039131 0.114744
0 0.819767 0.815519 0.116359 0.334798
0 0.117788 0.597292 0.049552 0.156960
0 0.569702 0.273231 0.030325 0.086012
0 0.539156 0.266839 0.025812 0.123103
