0 0.472489 0.355092 0.044516 0.083062
0 0.791122 0.480106 0.083128 0.141131
0 0.437289 0.327921 0.038729 0.080312
0 0.384781 0.480352 0.045659 0.159689
0 0.591802 0.446822 0.068271 0.176219
0 0.181022 0.894553 0.072894 0.185198
0 0.430236 0.515580 0.079285 0.192720
0 0.596855 0.290834 0.041681 0.114204
0 0.727211 0.549500 0.111304 0.160676
0 0.880734 0.639371 0.081197 0.267179
0 0.893727 0.422642 0.052071 0.256810
0 0.312263 0.409764 0.042957 0.126615
0 0.635771 0.595416 0.091126 0.202490
0 0.535043 0.407643 0.054675 0.113692
0 0.851278 0.401597 0.040193 0.231885
0 0.122431 0.591425 0.050421 0.160467
0 0.540013 0.268397 0.028800 0.125476
0 0.218975 0.948503 0.097291 0.102994
0 0.056198 0.545218 0.055047 0.115019
0 0.835923 0.764210 0.078849 0.215695
