0 0.781373 0.490261 0.070181 0.155914
0 0.614248 0.609850 0.076534 0.201994
0 0.436264 0.328924 0.042296 0.076896
0 0.306252 0.417111 0.034644 0.128167
0 0.134158 0.647253 0.067442 0.222473
0 0.590409 0.438563 0.064113 0.157127
0 0.072293 0.527117 0.052663 0.136219
0 0.717031 0.542636 0.056707 0.167189
0 0.545934 0.404129 0.048418 0.125903
0 0.617056 0.290218 0.044556 0.107473
0 0.039438 0.519173 0.036551 0.157830
0 0.902231 0.499425 0.047562 0.123803
0 0.257755 0.929335 0.087086 0.139171
0 0.166938 0.893173 0.087121 0.199738
0 0.585296 0.277605 0.035581 0.101043
0 0.392133 0.513593 0.082867 0.318265
0 0.937611 0.574494 0.054989 0.248531
0 0.549426 0.261268 0.034831 0.123460
0 0.470493 0.353061 0.027387 0.067636
