0 0.418105 0.502501 0.072062 0.172222
0 0.348203 0.324631 0.046375 0.106752
0 0.316200 0.412703 0.050875 0.121669
0 0.505370 0.386605 0.039247 0.102624
0 0.579701 0.279914 0.034463 0.106641
0 0.616445 0.286959 0.047253 0.121070
0 0.797296 0.477524 0.074172 0.126975
0 0.061664 0.517342 0.059557 0.166523
0 0.473228 0.356246 0.052206 0.103198
0 0.903380 0.627032 0.074075 0.282897
0 0.739690 0.540481 0.086567 0.162710
0 0.376922 0.469344 0.041284 0.142101
0 0.557345 0.383493 0.045423 0.107968
0 0.175308 0.913408 0.086189 0.163318
0 0.431121 0.332300 0.044247 0.068505
0 0.910949 0.490669 0.068748 0.152992
0 0.186756 0.958428 0.086038 0.083144
0 0.140452 0.592807 0.077348 0.175060
0 0.818376 0.816870 0.110778 0.336136
0 0.549534 0.267569 0.037579 0.131771
