0 0.901519 0.498260 0.064342 0.142617
0 0.792138 0.482423 0.082336 0.145164
0 0.719378 0.558911 0.072606 0.140163
0 0.069234 0.537915 0.044813 0.124033
0 0.417032 0.503893 0.077707 0.183100
0 0.540225 0.400238 0.048922 0.139968
0 0.475620 0.356752 0.037956 0.099092
0 0.352892 0.319417 0.048161 0.097601
0 0.180878 0.879003 0.082805 0.144459
0 0.539365 0.296077 0.062255 0.173262
0 0.816505 0.812849 0.114589 0.347116
0 0.612709 0.294392 0.043492 0.117365
0 0.505443 0.385770 0.034601 0.100613
0 0.128827 0.556858 0.052582 0.102530
0 0.592627 0.423231 0.057658 0.145268
0 0.196535 0.956225 0.074819 0.087550
0 0.431594 0.332220 0.035559 0.090813
0 0.579018 0.278898 0.032757 0.104260
0 0.548687 0.229365 0.017729 0.057240
0 0.317172 0.424590 0.060890 0.153781
0 0.295102 0.354533 0.036684 0.075268
0 0.590488 0.486436 0.061128 0.270149
