0 0.720480 0.537041 0.072798 0.146816
0 0.598490 0.287348 0.041972 0.119174
0 0.303437 0.415942 0.056321 0.145609
0 0.789369 0.484318 0.092704 0.155674
0 0.500767 0.387428 0.037805 0.095697
0 0.439857 0.523657 0.076430 0.178739
0 0.467480 0.365426 0.031092 0.081618
0 0.824859 0.751191 0.087094 0.212461
0 0.546764 0.400259 0.045115 0.120793
0 0.425831 0.324700 0.052071 0.089473
0 0.877076 0.637915 0.071251 0.245917
0 0.714192 0.430646 0.070434 0.213831
0 0.120629 0.591487 0.055590 0.144911
0 0.553221 0.269616 0.036676 0.134210
0 0.386341 0.481413 0.044117 0.152378
0 0.072212 0.500237 0.047833 0.147740
0 0.584775 0.423239 0.065955 0.150760
0 0.158135 0.923665 0.089241 0.152670
0 0.579685 0.500684 0.079389 0.298225
0 0.663136 0.572904 0.089434 0.154217
0 0.053690 0.545087 0.045983 0.118109
0 0.392937 0.456654 0.035196 0.099975
