0 0.707803 0.548107 0.064017 0.158454
0 0.788243 0.490294 0.089026 0.166273
0 0.418624 0.503177 0.072051 0.172472
0 0.474665 0.354669 0.048967 0.102161
0 0.614512 0.288900 0.045502 0.113020
0 0.349805 0.323130 0.047814 0.099831
0 0.505108 0.387312 0.038249 0.100439
0 0.315223 0.412298 0.049445 0.122108
0 0.173409 0.913494 0.092719 0.164526
0 0.552999 0.384414 0.045159 0.106184
0 0.375062 0.475952 0.044856 0.153383
0 0.431679 0.333797 0.043648 0.075016
0 0.175692 0.957187 0.094323 0.085627
0 0.067343 0.537839 0.045071 0.121521
0 0.571481 0.270937 0.034680 0.095802
0 0.544239 0.258018 0.028048 0.111721
0 0.857408 0.632733 0.096749 0.235345
0 0.128743 0.562640 0.057538 0.109037
0 0.920989 0.507956 0.052084 0.133781
0 0.820677 0.745206 0.111580 0.163056
0 0.569022 0.445014 0.066090 0.096684
