0 0.786907 0.494916 0.090611 0.159460
0 0.468948 0.365574 0.037890 0.081397
0 0.716324 0.548136 0.066681 0.145632
0 0.909333 0.610991 0.076599 0.264766
0 0.376028 0.479989 0.049272 0.161084
0 0.696242 0.400568 0.092020 0.230200
0 0.546666 0.394363 0.062429 0.132497
0 0.315596 0.413677 0.049727 0.123088
0 0.188361 0.963609 0.077225 0.072781
0 0.504775 0.383725 0.032629 0.092760
0 0.437191 0.527352 0.084952 0.201356
0 0.430584 0.329908 0.040921 0.078851
0 0.161112 0.916053 0.085177 0.153174
0 0.548765 0.270766 0.052348 0.137257
0 0.626632 0.556035 0.071684 0.123282
0 0.060045 0.515788 0.051247 0.169262
0 0.581580 0.494619 0.086730 0.278347
0 0.069355 0.538950 0.043165 0.120112
0 0.056198 0.486108 0.036583 0.108369
0 0.122521 0.590053 0.047110 0.159707
0 0.607253 0.316797 0.052155 0.168215
0 0.600777 0.289116 0.038222 0.113113
