0 0.722940 0.559073 0.077065 0.140148
0 0.613903 0.289222 0.043572 0.110802
0 0.068889 0.539431 0.044167 0.125745
0 0.897665 0.478396 0.055634 0.162199
0 0.539305 0.399610 0.045939 0.132651
0 0.781727 0.502404 0.067204 0.103873
0 0.352267 0.319184 0.048600 0.102256
0 0.589986 0.486685 0.064384 0.264364
0 0.422935 0.501415 0.072263 0.182582
0 0.455800 0.258326 0.037513 0.169869
0 0.816939 0.811976 0.115283 0.344636
0 0.495147 0.393149 0.041622 0.088830
0 0.435571 0.324365 0.046383 0.092862
0 0.579837 0.278540 0.035921 0.102493
0 0.467110 0.356054 0.034437 0.101084
0 0.551303 0.276647 0.040088 0.146541
0 0.319772 0.424389 0.058813 0.151149
0 0.591190 0.426539 0.058817 0.142933
0 0.273865 0.358735 0.041894 0.202503
