0 0.780380 0.480948 0.071425 0.155872
0 0.597680 0.288668 0.044565 0.117704
0 0.434697 0.329709 0.043874 0.075930
0 0.826189 0.401531 0.042184 0.218545
0 0.727171 0.533737 0.070957 0.170707
0 0.884730 0.413744 0.044643 0.212924
0 0.627782 0.597012 0.081720 0.216091
0 0.307571 0.415508 0.039781 0.135635
0 0.550169 0.392252 0.047136 0.130914
0 0.398340 0.494569 0.069502 0.189731
0 0.550681 0.258530 0.029657 0.113939
0 0.884924 0.615128 0.071176 0.233789
0 0.040468 0.519719 0.037668 0.161883
0 0.114639 0.602437 0.058308 0.155579
0 0.480403 0.358263 0.036552 0.068076
0 0.069794 0.534881 0.048583 0.124670
0 0.151124 0.878913 0.087731 0.219832
0 0.233658 0.946473 0.079181 0.107054
0 0.593123 0.430075 0.063633 0.146294
0 0.593633 0.497817 0.068749 0.277652
