0 0.614824 0.603959 0.079429 0.214137
0 0.781695 0.490654 0.070040 0.155096
0 0.305696 0.416702 0.034575 0.128330
0 0.721307 0.545900 0.059424 0.153022
0 0.134161 0.646785 0.067079 0.223448
0 0.598456 0.288125 0.042650 0.119104
0 0.546982 0.405895 0.046678 0.122890
0 0.262616 0.927263 0.086148 0.145473
0 0.072012 0.526902 0.054435 0.137730
0 0.902865 0.500605 0.049379 0.127861
0 0.590227 0.432964 0.063828 0.145738
0 0.434861 0.328268 0.039435 0.093592
0 0.039557 0.516955 0.036288 0.155042
0 0.392240 0.513861 0.082523 0.317464
0 0.165121 0.891153 0.093970 0.211289
0 0.547837 0.260382 0.032523 0.122668
0 0.500764 0.394299 0.047247 0.084885
0 0.578015 0.267048 0.029722 0.077264
0 0.467889 0.352664 0.027371 0.067836
0 0.928833 0.607633 0.088185 0.328335
