0 0.648321 0.589308 0.075594 0.188040
0 0.710171 0.541667 0.060813 0.164023
0 0.301311 0.419710 0.045945 0.145027
0 0.549480 0.405835 0.048131 0.121356
0 0.598062 0.288675 0.041982 0.117864
0 0.469348 0.364668 0.032510 0.080351
0 0.240901 0.928074 0.136633 0.143851
0 0.434343 0.331802 0.036541 0.073826
0 0.167052 0.909434 0.090035 0.172021
0 0.883329 0.650468 0.083839 0.255287
0 0.754155 0.496842 0.043773 0.158812
0 0.424777 0.516515 0.078010 0.177638
0 0.592532 0.496243 0.067994 0.277713
0 0.066374 0.479668 0.034731 0.109830
0 0.121734 0.589041 0.054415 0.141261
0 0.058066 0.545680 0.053713 0.116444
0 0.378902 0.449084 0.040507 0.120115
0 0.526934 0.387145 0.043714 0.097832
0 0.771748 0.389948 0.025326 0.086452
