0 0.826439 0.440475 0.072928 0.173113
0 0.436389 0.329248 0.040983 0.083695
0 0.470295 0.360744 0.033647 0.072911
0 0.553331 0.399544 0.050009 0.124518
0 0.432013 0.514018 0.074049 0.190159
0 0.051004 0.522033 0.055154 0.165117
0 0.896461 0.419780 0.048188 0.241744
0 0.380147 0.479599 0.043145 0.165890
0 0.304992 0.416180 0.038468 0.131480
0 0.888606 0.629762 0.100149 0.252542
0 0.864990 0.412732 0.043567 0.246824
0 0.578353 0.275103 0.030941 0.095780
0 0.638542 0.592244 0.063600 0.178468
0 0.160774 0.921519 0.086563 0.156962
0 0.589485 0.499463 0.073741 0.284855
0 0.605342 0.296537 0.050752 0.113708
0 0.112900 0.601149 0.049957 0.149448
0 0.825360 0.745248 0.113821 0.207546
0 0.545888 0.267527 0.041203 0.134378
