0 0.707897 0.546054 0.063037 0.159918
0 0.787933 0.490629 0.092817 0.165684
0 0.418613 0.503038 0.072178 0.170865
0 0.614414 0.286387 0.045095 0.113277
0 0.315821 0.412830 0.049339 0.122597
0 0.349775 0.323445 0.049631 0.100265
0 0.579327 0.278445 0.033856 0.103087
0 0.504747 0.388737 0.036385 0.098335
0 0.477385 0.355054 0.043442 0.101846
0 0.901120 0.624806 0.079604 0.285752
0 0.378478 0.470854 0.043743 0.147622
0 0.432677 0.337836 0.045907 0.090785
0 0.060735 0.516970 0.056589 0.166492
0 0.905920 0.495536 0.036426 0.129945
0 0.551920 0.382621 0.044120 0.107986
0 0.173097 0.914767 0.089001 0.165772
0 0.182842 0.956599 0.104722 0.086801
0 0.549893 0.270387 0.038447 0.136163
0 0.824772 0.821673 0.121410 0.333067
0 0.127975 0.564622 0.058234 0.110926
0 0.569856 0.446514 0.066378 0.095201
