0 0.781226 0.486970 0.070359 0.152259
0 0.614536 0.609671 0.077047 0.202581
0 0.723840 0.544839 0.064092 0.151672
0 0.071916 0.527064 0.053803 0.137355
0 0.590299 0.438170 0.063887 0.157553
0 0.134203 0.645643 0.068176 0.220010
0 0.305696 0.415889 0.034415 0.130714
0 0.435929 0.326399 0.042776 0.076558
0 0.251871 0.928167 0.094895 0.143665
0 0.546263 0.404290 0.048734 0.126229
0 0.168012 0.896886 0.087756 0.200454
0 0.584941 0.277764 0.035604 0.103293
0 0.901355 0.643614 0.072553 0.265692
0 0.038683 0.518115 0.036168 0.156290
0 0.386757 0.471661 0.098793 0.286377
0 0.615916 0.294521 0.044798 0.121823
0 0.548058 0.260231 0.032115 0.121438
0 0.926007 0.505902 0.044163 0.126903
0 0.476703 0.353473 0.035718 0.069604
