0 0.540659 0.394569 0.043964 0.113246
0 0.778612 0.500627 0.075039 0.161041
0 0.441823 0.518685 0.075072 0.192074
0 0.468724 0.359029 0.037605 0.094474
0 0.914696 0.613391 0.065750 0.274352
0 0.434576 0.322861 0.032608 0.088925
0 0.070758 0.537906 0.044448 0.120108
0 0.376145 0.478620 0.042143 0.160810
0 0.615678 0.597586 0.073227 0.226094
0 0.321802 0.546687 0.060775 0.319771
0 0.570005 0.446568 0.063892 0.093540
0 0.053629 0.493908 0.034665 0.126528
0 0.499464 0.388164 0.035307 0.095538
0 0.326491 0.298331 0.054313 0.163279
0 0.551431 0.274772 0.051295 0.147636
0 0.129875 0.580939 0.059612 0.144767
