0 0.713767 0.537652 0.064325 0.164239
0 0.791231 0.484433 0.082828 0.167722
0 0.652188 0.597103 0.104344 0.196511
0 0.555681 0.398887 0.047747 0.124212
0 0.597925 0.289887 0.041470 0.118805
0 0.305094 0.415188 0.038310 0.137289
0 0.470329 0.363747 0.034935 0.080462
0 0.435737 0.333689 0.040231 0.070699
0 0.881574 0.638144 0.079443 0.246023
0 0.431158 0.512486 0.076241 0.184018
0 0.515556 0.388528 0.039211 0.107692
0 0.219349 0.941278 0.087583 0.117444
0 0.590811 0.498373 0.068936 0.279145
0 0.379872 0.475003 0.061186 0.159317
0 0.163114 0.916653 0.091442 0.165832
0 0.065497 0.544078 0.041818 0.114284
0 0.114394 0.599204 0.048523 0.153125
0 0.824539 0.813037 0.102739 0.321183
0 0.056040 0.481350 0.026870 0.120461
0 0.574824 0.277516 0.028117 0.097232
0 0.935616 0.515327 0.048742 0.301746
