0 0.693240 0.548214 0.070321 0.182355
0 0.347166 0.325972 0.045791 0.108245
0 0.785797 0.489782 0.090366 0.171912
0 0.471283 0.355770 0.038536 0.096566
0 0.418966 0.503221 0.073094 0.173149
0 0.503303 0.387953 0.040185 0.100587
0 0.621079 0.292801 0.039936 0.114395
0 0.315822 0.414909 0.049099 0.117351
0 0.629617 0.586224 0.071156 0.220012
0 0.546757 0.276153 0.048190 0.139464
0 0.059208 0.517242 0.055003 0.167734
0 0.581151 0.283624 0.038465 0.111713
0 0.185867 0.960120 0.086757 0.079761
0 0.572097 0.382650 0.039154 0.105086
0 0.176313 0.918496 0.090452 0.160873
0 0.375593 0.470927 0.039396 0.147570
0 0.839982 0.755583 0.074163 0.210722
0 0.427236 0.345038 0.040928 0.068775
0 0.571770 0.447903 0.060808 0.090705
0 0.128318 0.557868 0.051579 0.109989
0 0.881380 0.642733 0.066695 0.268855
