0 0.780354 0.482314 0.074518 0.148400
0 0.722462 0.556675 0.076829 0.145915
0 0.417234 0.503504 0.078809 0.182040
0 0.069400 0.538883 0.045501 0.124858
0 0.471672 0.354422 0.036573 0.090235
0 0.592648 0.486398 0.069888 0.259704
0 0.901855 0.476992 0.056664 0.171755
0 0.612443 0.290309 0.043721 0.110032
0 0.539029 0.400040 0.046427 0.133401
0 0.431984 0.330031 0.039069 0.095463
0 0.816850 0.811136 0.114828 0.343558
0 0.339093 0.323991 0.060096 0.104585
0 0.530676 0.298476 0.075910 0.175827
0 0.495693 0.395074 0.042176 0.088879
0 0.578036 0.279950 0.031424 0.105475
0 0.310934 0.410300 0.069799 0.185981
0 0.130565 0.558260 0.052219 0.100976
0 0.548879 0.229786 0.018130 0.057348
0 0.292606 0.356800 0.034138 0.080455
