0 0.432492 0.518299 0.086636 0.191745
0 0.789130 0.486736 0.092121 0.156334
0 0.722664 0.536786 0.075280 0.147439
0 0.657893 0.473930 0.081556 0.221520
0 0.884316 0.633904 0.084803 0.265725
0 0.541606 0.395485 0.036037 0.121248
0 0.602146 0.287140 0.046904 0.118907
0 0.315642 0.412784 0.054638 0.152256
0 0.467431 0.365246 0.030540 0.080988
0 0.062145 0.541470 0.042031 0.122926
0 0.824958 0.753681 0.086567 0.208124
0 0.187073 0.963750 0.073613 0.072501
0 0.504305 0.390136 0.032851 0.093343
0 0.425481 0.327066 0.054445 0.083804
0 0.121590 0.591271 0.056223 0.142177
0 0.383354 0.452211 0.029522 0.092251
0 0.159580 0.890122 0.080882 0.138342
0 0.662638 0.571932 0.088451 0.152350
0 0.553207 0.272052 0.037256 0.135760
0 0.577521 0.499939 0.074883 0.265321
0 0.576372 0.431484 0.067152 0.128063
0 0.381279 0.482284 0.036830 0.156171
0 0.575154 0.278109 0.027522 0.094841
0 0.068410 0.476014 0.034156 0.102948
