0 0.465991 0.365350 0.037837 0.085513
0 0.545144 0.390097 0.044164 0.132572
0 0.599337 0.290489 0.041267 0.113835
0 0.303403 0.416912 0.056930 0.125703
0 0.721653 0.545779 0.116475 0.177910
0 0.070006 0.538383 0.042404 0.116136
0 0.735522 0.404454 0.083639 0.222578
0 0.503366 0.386628 0.033529 0.096419
0 0.433153 0.326460 0.035184 0.079701
0 0.906662 0.618026 0.077764 0.273434
0 0.788992 0.487154 0.086331 0.129323
0 0.384293 0.478874 0.040588 0.154738
0 0.123476 0.573900 0.052654 0.122483
0 0.577196 0.503024 0.079910 0.251926
0 0.191056 0.962765 0.077521 0.074471
0 0.162404 0.907195 0.083139 0.138921
0 0.055887 0.494300 0.037602 0.122937
0 0.571778 0.275340 0.033308 0.100178
0 0.433035 0.537659 0.080602 0.235072
0 0.632276 0.573020 0.074561 0.163852
0 0.541584 0.265306 0.033660 0.129443
0 0.834795 0.732587 0.104718 0.148983
