0 0.465465 0.364306 0.041245 0.085123
0 0.301954 0.416835 0.052556 0.130573
0 0.598761 0.290103 0.041003 0.115795
0 0.730693 0.538918 0.083524 0.162672
0 0.788771 0.488623 0.087448 0.144588
0 0.543728 0.396784 0.037508 0.122222
0 0.503981 0.387863 0.033026 0.095963
0 0.726274 0.411704 0.053173 0.186733
0 0.062206 0.515060 0.052227 0.166335
0 0.123709 0.581146 0.053411 0.139666
0 0.190362 0.963086 0.076557 0.073827
0 0.885627 0.627809 0.085851 0.281343
0 0.638661 0.578101 0.062681 0.155742
0 0.430819 0.327426 0.036558 0.078301
0 0.384613 0.453746 0.049759 0.139061
0 0.434682 0.533400 0.080813 0.223075
0 0.830931 0.757146 0.078510 0.208934
0 0.577654 0.502488 0.076968 0.254820
0 0.163406 0.914823 0.080927 0.154354
0 0.574008 0.279128 0.031057 0.102379
0 0.538676 0.269296 0.031339 0.132875
0 0.579768 0.447504 0.067546 0.145020
