0 0.780194 0.484926 0.073281 0.138867
0 0.723103 0.547356 0.078714 0.165422
0 0.466878 0.363298 0.042346 0.095137
0 0.538636 0.394496 0.047625 0.119085
0 0.613474 0.289503 0.043658 0.112385
0 0.068504 0.540096 0.045787 0.122387
0 0.350906 0.321810 0.046350 0.105921
0 0.421531 0.503408 0.069507 0.180301
0 0.904273 0.477047 0.054040 0.171821
0 0.855348 0.700510 0.099091 0.246902
0 0.191426 0.388920 0.045115 0.273590
0 0.318143 0.427075 0.054530 0.151741
0 0.433829 0.320546 0.042472 0.085254
0 0.501204 0.388351 0.037801 0.096556
0 0.552479 0.276130 0.038016 0.144791
0 0.579949 0.276621 0.035817 0.097823
0 0.274425 0.349192 0.035663 0.087614
0 0.258195 0.427572 0.043888 0.165127
0 0.574535 0.451724 0.067349 0.089880
