0 0.699899 0.545190 0.069077 0.148980
0 0.439060 0.519095 0.079172 0.195844
0 0.528648 0.404676 0.067259 0.133357
0 0.615371 0.291372 0.042773 0.110132
0 0.754556 0.494830 0.089940 0.166282
0 0.462877 0.355564 0.032544 0.090355
0 0.352224 0.319725 0.048383 0.098836
0 0.646523 0.586936 0.088241 0.186140
0 0.437509 0.330282 0.028195 0.088946
0 0.821291 0.819463 0.107076 0.339663
0 0.053590 0.520269 0.063942 0.168197
0 0.131485 0.558538 0.055186 0.107462
0 0.174749 0.869443 0.076251 0.157500
0 0.592267 0.425944 0.059370 0.168648
0 0.323158 0.420070 0.052242 0.149761
0 0.539651 0.265853 0.028325 0.129264
0 0.582687 0.282043 0.038234 0.099936
0 0.290308 0.356942 0.028816 0.088005
