0 0.719483 0.543170 0.057138 0.158749
0 0.435961 0.325579 0.036940 0.084585
0 0.472221 0.357549 0.043963 0.095505
0 0.500616 0.387756 0.038309 0.097137
0 0.779245 0.498064 0.073482 0.157557
0 0.919392 0.617974 0.069169 0.262851
0 0.438770 0.520283 0.071791 0.197476
0 0.537618 0.401335 0.050358 0.128896
0 0.825169 0.418110 0.048617 0.194430
0 0.311895 0.418691 0.046592 0.125339
0 0.614954 0.598935 0.077029 0.219952
0 0.143814 0.591801 0.075620 0.178362
0 0.060248 0.515522 0.053246 0.169107
0 0.826440 0.821434 0.117069 0.335318
0 0.385027 0.477162 0.050014 0.160242
0 0.167794 0.907230 0.096107 0.167673
0 0.548940 0.276689 0.051046 0.151242
0 0.598013 0.419697 0.077829 0.157809
0 0.184143 0.951206 0.074394 0.097588
