0 0.889222 0.487747 0.056783 0.145635
0 0.473016 0.367880 0.036666 0.084487
0 0.067509 0.541285 0.044987 0.121063
0 0.419399 0.502133 0.071947 0.173847
0 0.351063 0.323576 0.047312 0.098342
0 0.726964 0.547988 0.073942 0.155222
0 0.436441 0.329052 0.044536 0.088059
0 0.536647 0.393525 0.051023 0.104759
0 0.853238 0.700207 0.095821 0.247580
0 0.613292 0.289071 0.050657 0.109241
0 0.503459 0.390356 0.037563 0.096868
0 0.784484 0.503684 0.058099 0.089824
0 0.378357 0.469031 0.045944 0.145901
0 0.314018 0.427178 0.058551 0.147153
0 0.577523 0.271312 0.029931 0.091683
0 0.551123 0.273048 0.037942 0.140915
0 0.160268 0.383589 0.035698 0.233814
0 0.121836 0.591751 0.046286 0.152228
