0 0.781665 0.488622 0.069966 0.159069
0 0.618293 0.606409 0.082809 0.201575
0 0.305870 0.416512 0.034741 0.129141
0 0.721029 0.546091 0.058527 0.151071
0 0.072560 0.526907 0.052397 0.137108
0 0.598734 0.288466 0.043428 0.120195
0 0.134239 0.646861 0.068266 0.222921
0 0.546375 0.403445 0.047717 0.126298
0 0.590006 0.436882 0.063385 0.155701
0 0.256127 0.927810 0.086150 0.144380
0 0.437266 0.329523 0.046832 0.098225
0 0.901882 0.497936 0.048162 0.121967
0 0.040108 0.519330 0.038476 0.159033
0 0.393182 0.514340 0.081899 0.317789
0 0.495714 0.389739 0.055546 0.094451
0 0.547152 0.259459 0.033156 0.121475
0 0.165020 0.893523 0.086872 0.204633
0 0.940378 0.573470 0.061581 0.254390
0 0.468949 0.353752 0.029609 0.069121
0 0.577671 0.267047 0.030394 0.078305
0 0.927670 0.613951 0.096652 0.323406
