0 0.781013 0.500571 0.067705 0.133353
0 0.442376 0.519488 0.073156 0.192106
0 0.632371 0.466671 0.082094 0.253522
0 0.909235 0.616220 0.063634 0.256676
0 0.468413 0.365144 0.038485 0.086075
0 0.434174 0.323767 0.036843 0.083632
0 0.143587 0.589545 0.069843 0.176414
0 0.504678 0.386481 0.035095 0.097447
0 0.720328 0.544847 0.058214 0.142393
0 0.314017 0.415085 0.046693 0.121706
0 0.184966 0.962287 0.072512 0.075426
0 0.664519 0.580894 0.075955 0.156393
0 0.535387 0.396376 0.043136 0.118791
0 0.167913 0.900769 0.095304 0.157078
0 0.376740 0.478662 0.036225 0.154080
0 0.060075 0.515730 0.052172 0.167186
0 0.602032 0.300368 0.047212 0.116242
0 0.549495 0.273635 0.051754 0.145926
0 0.572787 0.444215 0.070436 0.104395
0 0.824719 0.824077 0.116383 0.347252
0 0.576172 0.269424 0.029405 0.088681
0 0.839326 0.755557 0.079025 0.206619
