0 0.704569 0.542581 0.058704 0.170340
0 0.385192 0.480735 0.046619 0.159461
0 0.870920 0.416291 0.062840 0.243106
0 0.552727 0.404450 0.049035 0.120850
0 0.596198 0.288654 0.043161 0.119200
0 0.430779 0.515761 0.078585 0.194582
0 0.766840 0.490144 0.052446 0.161157
0 0.635391 0.590739 0.090433 0.215056
0 0.436565 0.330627 0.043086 0.088821
0 0.806274 0.393586 0.045330 0.260282
0 0.182651 0.884953 0.076900 0.189115
0 0.305708 0.420198 0.039968 0.137973
0 0.876241 0.618558 0.085534 0.264352
0 0.594743 0.447094 0.061663 0.175704
0 0.478307 0.353491 0.033578 0.080848
0 0.540316 0.268930 0.029017 0.125274
0 0.825395 0.818323 0.108504 0.338800
0 0.223558 0.948187 0.080869 0.103625
0 0.118854 0.604792 0.052466 0.164862
0 0.057174 0.545298 0.051858 0.117027
0 0.047892 0.494307 0.052492 0.102746
