0 0.781030 0.489530 0.072557 0.164693
0 0.705216 0.541964 0.053076 0.164104
0 0.597850 0.288011 0.043533 0.119764
0 0.398217 0.494038 0.068197 0.190600
0 0.545328 0.393299 0.051514 0.136085
0 0.622380 0.609282 0.081810 0.198177
0 0.310091 0.416169 0.044525 0.140062
0 0.433719 0.330003 0.042889 0.089076
0 0.073349 0.530131 0.054949 0.131170
0 0.888291 0.636140 0.077890 0.276250
0 0.551732 0.258803 0.028929 0.114268
0 0.665839 0.488482 0.065515 0.278834
0 0.040390 0.517961 0.037213 0.156502
0 0.156834 0.864855 0.083899 0.212654
0 0.118212 0.591673 0.053870 0.161968
0 0.198208 0.933164 0.134315 0.133672
0 0.481056 0.358626 0.034772 0.066533
0 0.584285 0.442582 0.077167 0.166182
