0 0.698067 0.542917 0.068553 0.149897
0 0.439258 0.518795 0.079921 0.198186
0 0.649302 0.587530 0.085867 0.185902
0 0.615029 0.288788 0.042536 0.111756
0 0.528379 0.404708 0.064185 0.131405
0 0.751732 0.500781 0.085908 0.147894
0 0.820978 0.818178 0.107866 0.339647
0 0.474893 0.352106 0.048826 0.093690
0 0.352883 0.318915 0.048589 0.100361
0 0.445916 0.323930 0.052623 0.102077
0 0.131544 0.557587 0.053410 0.107033
0 0.054206 0.519573 0.064228 0.168875
0 0.324685 0.420186 0.055879 0.151776
0 0.591292 0.424372 0.061566 0.167365
0 0.539552 0.265872 0.028391 0.129922
0 0.275453 0.336146 0.024654 0.103175
0 0.581210 0.279263 0.039959 0.094220
0 0.157728 0.901943 0.095352 0.196114
