0 0.782071 0.486932 0.070490 0.166316
0 0.633935 0.594742 0.084094 0.213273
0 0.716262 0.541550 0.069772 0.166446
0 0.863327 0.424613 0.084473 0.227742
0 0.434544 0.329775 0.043835 0.079746
0 0.597480 0.287529 0.043894 0.121287
0 0.398465 0.493817 0.069190 0.189981
0 0.538951 0.399278 0.054920 0.130387
0 0.307115 0.413463 0.039213 0.139336
0 0.593567 0.446184 0.061432 0.176303
0 0.810491 0.373331 0.049462 0.238884
0 0.154992 0.867268 0.093194 0.183324
0 0.041711 0.520279 0.040895 0.162845
0 0.232343 0.943687 0.087799 0.112627
0 0.550693 0.257458 0.029219 0.110129
0 0.124079 0.607613 0.065133 0.214146
0 0.069831 0.542675 0.039804 0.110599
0 0.880617 0.655118 0.086408 0.241684
0 0.477703 0.355279 0.045629 0.077768
