0 0.591408 0.446687 0.068774 0.177966
0 0.472029 0.353968 0.045595 0.084940
0 0.638661 0.595283 0.089737 0.207335
0 0.782582 0.431997 0.059005 0.210087
0 0.892811 0.421495 0.051965 0.253996
0 0.431617 0.514480 0.076251 0.192457
0 0.877327 0.641777 0.075875 0.256198
0 0.435849 0.326931 0.046512 0.075460
0 0.383562 0.482308 0.043322 0.159759
0 0.535418 0.407686 0.054387 0.113759
0 0.306041 0.415921 0.040561 0.134641
0 0.181512 0.863468 0.073361 0.176281
0 0.820824 0.815306 0.125663 0.345553
0 0.841883 0.440922 0.033529 0.154355
0 0.852302 0.397769 0.041524 0.215781
0 0.611963 0.321870 0.059708 0.157386
0 0.572526 0.276430 0.032205 0.096733
0 0.215001 0.936816 0.085205 0.126369
0 0.051253 0.520722 0.056845 0.166671
0 0.134952 0.600545 0.074746 0.171065
0 0.542887 0.270657 0.033193 0.130948
