0 0.790251 0.490645 0.087977 0.166559
0 0.644451 0.594931 0.104736 0.217021
0 0.885974 0.416061 0.054852 0.241557
0 0.597446 0.288766 0.041524 0.117986
0 0.424967 0.505957 0.076367 0.178299
0 0.434763 0.330198 0.040820 0.087401
0 0.843320 0.398019 0.058773 0.231918
0 0.182872 0.891677 0.074830 0.199869
0 0.704765 0.532106 0.050658 0.160369
0 0.555496 0.397157 0.056046 0.137289
0 0.310532 0.415753 0.045601 0.133355
0 0.479449 0.354623 0.032012 0.072662
0 0.594303 0.448645 0.062355 0.172698
0 0.118584 0.616901 0.059794 0.201744
0 0.381498 0.479932 0.037270 0.161458
0 0.050405 0.521168 0.058662 0.168028
0 0.888271 0.631801 0.082540 0.282693
0 0.534486 0.271218 0.037531 0.128948
0 0.226626 0.946462 0.082118 0.103533
