0 0.432667 0.518305 0.085347 0.191423
0 0.724108 0.539528 0.074857 0.145095
0 0.665210 0.475070 0.088963 0.219438
0 0.790089 0.484483 0.092713 0.155432
0 0.068660 0.538176 0.042549 0.118767
0 0.542830 0.396424 0.038100 0.122804
0 0.470329 0.366697 0.035238 0.086077
0 0.884425 0.633289 0.081358 0.263113
0 0.315494 0.412093 0.054199 0.149843
0 0.438223 0.330749 0.033208 0.087349
0 0.504990 0.389623 0.031839 0.093668
0 0.824736 0.754216 0.086798 0.208747
0 0.608675 0.288829 0.037112 0.107997
0 0.187459 0.963908 0.075810 0.072183
0 0.577639 0.506375 0.075534 0.256477
0 0.552022 0.273164 0.035447 0.139927
0 0.121577 0.591746 0.056046 0.144040
0 0.578232 0.277025 0.033539 0.097648
0 0.662492 0.571103 0.089393 0.151709
0 0.383157 0.450822 0.031601 0.087715
0 0.578617 0.448048 0.068982 0.138680
0 0.067780 0.482370 0.037703 0.112810
0 0.380649 0.478816 0.039027 0.149332
