0 0.316666 0.414086 0.052189 0.121565
0 0.775247 0.499868 0.118506 0.179288
0 0.614736 0.598410 0.102444 0.215455
0 0.473570 0.360459 0.041762 0.094146
0 0.379488 0.478593 0.043977 0.158206
0 0.916652 0.609298 0.071489 0.257542
0 0.429975 0.511339 0.079125 0.196062
0 0.350497 0.323428 0.051683 0.097849
0 0.062299 0.515914 0.056279 0.169289
0 0.828813 0.827888 0.123443 0.340446
0 0.621509 0.294550 0.041971 0.108215
0 0.428669 0.328771 0.029102 0.081872
0 0.250593 0.409226 0.046731 0.243602
0 0.569541 0.437763 0.064295 0.110341
0 0.507813 0.390009 0.026845 0.093067
0 0.546927 0.383907 0.055818 0.111155
0 0.548758 0.271398 0.050718 0.130875
0 0.133367 0.568337 0.070404 0.129705
0 0.159749 0.923701 0.076734 0.145310
0 0.139065 0.614665 0.086792 0.226775
0 0.581133 0.275562 0.037635 0.096317
