0 0.473449 0.360146 0.042210 0.092805
0 0.539587 0.389919 0.047277 0.122241
0 0.775445 0.498174 0.119778 0.177205
0 0.378951 0.478200 0.043851 0.156914
0 0.350904 0.322929 0.047942 0.097750
0 0.631382 0.601999 0.097385 0.200693
0 0.145286 0.592490 0.075120 0.174267
0 0.431337 0.513735 0.080174 0.195364
0 0.069816 0.536046 0.044568 0.122542
0 0.317641 0.414271 0.045838 0.118298
0 0.920792 0.590739 0.073024 0.271358
0 0.828414 0.828632 0.121357 0.340325
0 0.505076 0.389875 0.031621 0.095323
0 0.621354 0.293423 0.042790 0.107191
0 0.548853 0.275837 0.051098 0.143052
0 0.421757 0.330605 0.042484 0.082317
0 0.569674 0.437592 0.065448 0.110751
0 0.055059 0.494628 0.037277 0.125890
0 0.292080 0.307432 0.025731 0.142841
