0 0.780219 0.493701 0.072457 0.158868
0 0.633064 0.595158 0.082152 0.210791
0 0.434591 0.330059 0.043856 0.077692
0 0.715309 0.540168 0.069435 0.169066
0 0.597652 0.288829 0.043866 0.119544
0 0.307376 0.413555 0.039264 0.138864
0 0.072518 0.533161 0.044182 0.131275
0 0.398321 0.494694 0.069583 0.190335
0 0.541413 0.392591 0.052722 0.132535
0 0.829247 0.399381 0.041476 0.224773
0 0.040052 0.518961 0.038053 0.163467
0 0.592614 0.447026 0.063595 0.177734
0 0.111065 0.602025 0.064757 0.160984
0 0.873273 0.412193 0.045971 0.238669
0 0.882574 0.643510 0.077141 0.249180
0 0.228674 0.934995 0.077423 0.125988
0 0.550555 0.259229 0.029417 0.113788
0 0.480671 0.358811 0.029777 0.067528
0 0.156217 0.868829 0.074469 0.219917
