0 0.730139 0.538207 0.078492 0.163713
0 0.471112 0.355015 0.039689 0.102559
0 0.789114 0.487208 0.085965 0.144663
0 0.302344 0.417409 0.054616 0.129447
0 0.501877 0.386473 0.036589 0.096221
0 0.599621 0.287239 0.038009 0.116328
0 0.641125 0.578521 0.058332 0.153822
0 0.190299 0.963445 0.078824 0.073109
0 0.434744 0.323565 0.042577 0.074223
0 0.883038 0.632778 0.082724 0.275383
0 0.072418 0.538524 0.047516 0.117039
0 0.525901 0.519770 0.106209 0.407384
0 0.124509 0.576698 0.053045 0.143031
0 0.431516 0.536140 0.076557 0.240120
0 0.376458 0.453316 0.035571 0.140805
0 0.161696 0.913829 0.084681 0.145625
0 0.056114 0.492543 0.037367 0.124147
0 0.818989 0.818543 0.092001 0.328470
0 0.537238 0.263566 0.027883 0.128569
