0 0.865285 0.409342 0.053281 0.250156
0 0.554259 0.396085 0.048470 0.127218
0 0.469898 0.360467 0.034612 0.073992
0 0.821542 0.389329 0.048224 0.237654
0 0.435975 0.324179 0.043042 0.077910
0 0.435245 0.513499 0.069164 0.189078
0 0.304883 0.417123 0.038791 0.128484
0 0.639186 0.586986 0.065936 0.186239
0 0.068479 0.536864 0.043991 0.120166
0 0.885394 0.629334 0.092794 0.281756
0 0.794407 0.485434 0.080397 0.167704
0 0.727986 0.530500 0.080637 0.166681
0 0.381244 0.479918 0.043067 0.167698
0 0.162443 0.910924 0.076406 0.167353
0 0.577908 0.278982 0.030932 0.103560
0 0.589324 0.499431 0.072494 0.280476
0 0.604779 0.298136 0.046602 0.113901
0 0.203817 0.936112 0.095702 0.127777
0 0.118441 0.598682 0.046779 0.148186
0 0.824855 0.811616 0.107346 0.322571
0 0.052188 0.519399 0.054475 0.163765
