0 0.470883 0.359631 0.039725 0.092219
0 0.773862 0.507074 0.069514 0.143843
0 0.318049 0.412077 0.050204 0.121010
0 0.828237 0.822229 0.122224 0.336441
0 0.430780 0.512350 0.082546 0.195855
0 0.349352 0.321905 0.052288 0.098889
0 0.376360 0.477270 0.041972 0.158162
0 0.538625 0.392171 0.048584 0.117997
0 0.633450 0.604338 0.097966 0.194106
0 0.915699 0.608189 0.062998 0.258715
0 0.071555 0.537158 0.046271 0.120420
0 0.427435 0.326619 0.048892 0.097443
0 0.503572 0.389520 0.034394 0.094031
0 0.569558 0.438287 0.065045 0.109162
0 0.054764 0.494486 0.036608 0.127182
0 0.548672 0.275133 0.050468 0.147194
0 0.130823 0.586484 0.068627 0.154232
0 0.281155 0.332990 0.027841 0.161633
