0 0.547788 0.390376 0.051517 0.127917
0 0.726132 0.549599 0.079729 0.158487
0 0.618686 0.285950 0.043181 0.115531
0 0.779736 0.479889 0.070792 0.147704
0 0.420447 0.508013 0.070208 0.168113
0 0.504057 0.388784 0.037956 0.096484
0 0.908203 0.626592 0.072068 0.254044
0 0.353067 0.320969 0.048419 0.097180
0 0.315000 0.414303 0.053931 0.122346
0 0.060747 0.512447 0.057343 0.178654
0 0.581396 0.279092 0.039149 0.102363
0 0.381859 0.464350 0.042012 0.168729
0 0.551957 0.270317 0.038520 0.133700
0 0.189057 0.961318 0.080946 0.077363
0 0.173676 0.919523 0.095120 0.157248
0 0.257771 0.480380 0.055921 0.347792
0 0.821044 0.731371 0.108043 0.202236
0 0.433463 0.334998 0.036588 0.063664
0 0.569306 0.441007 0.065723 0.101660
0 0.126779 0.566738 0.054717 0.113243
