0 0.703972 0.541295 0.058548 0.168864
0 0.767645 0.493380 0.052667 0.152184
0 0.439398 0.519512 0.077006 0.198788
0 0.596587 0.288996 0.041095 0.116732
0 0.436055 0.328858 0.042601 0.080208
0 0.387203 0.481052 0.049178 0.159690
0 0.182477 0.880301 0.075001 0.179427
0 0.879446 0.412539 0.060866 0.233805
0 0.635770 0.596080 0.089677 0.200113
0 0.552633 0.404403 0.049253 0.123593
0 0.305830 0.416950 0.039619 0.141982
0 0.844217 0.399863 0.048809 0.233919
0 0.877932 0.628433 0.088722 0.262395
0 0.480123 0.354023 0.030366 0.075077
0 0.058349 0.545972 0.049477 0.114410
0 0.594820 0.446591 0.061133 0.174731
0 0.540597 0.268774 0.031207 0.125911
0 0.823777 0.822628 0.109920 0.336696
0 0.117127 0.604012 0.054736 0.167315
0 0.574648 0.270010 0.028448 0.082953
0 0.220371 0.949490 0.082973 0.101020
0 0.034316 0.487190 0.025265 0.105862
