0 0.708184 0.543183 0.062196 0.163910
0 0.469264 0.357111 0.040060 0.097517
0 0.776775 0.488713 0.075918 0.170212
0 0.433764 0.333639 0.037950 0.076622
0 0.421282 0.503429 0.072776 0.172304
0 0.916134 0.495308 0.049105 0.156225
0 0.554504 0.387390 0.063669 0.123358
0 0.350452 0.321379 0.046990 0.102767
0 0.505347 0.388419 0.035613 0.094843
0 0.315937 0.412734 0.049706 0.122665
0 0.615478 0.285481 0.044272 0.116034
0 0.066217 0.537298 0.048784 0.122982
0 0.379080 0.477600 0.044139 0.158126
0 0.182921 0.961072 0.097761 0.077856
0 0.173290 0.913162 0.089452 0.162633
0 0.580257 0.273856 0.033506 0.093101
0 0.888046 0.624289 0.050806 0.210597
0 0.548572 0.259748 0.032839 0.114474
0 0.131290 0.560224 0.055780 0.111910
0 0.826033 0.740112 0.117529 0.140875
0 0.053795 0.485802 0.029547 0.107907
0 0.569412 0.445388 0.068099 0.097634
0 0.141460 0.612993 0.082194 0.216051
0 0.828412 0.676517 0.124153 0.262872
