0 0.472901 0.353891 0.043993 0.087486
0 0.712879 0.544878 0.065069 0.160722
0 0.437710 0.328848 0.040043 0.079388
0 0.827102 0.395760 0.053254 0.243439
0 0.181217 0.890389 0.073987 0.188595
0 0.634352 0.593527 0.085978 0.207917
0 0.597166 0.289803 0.040848 0.113495
0 0.383565 0.479896 0.047449 0.158888
0 0.872751 0.410169 0.068509 0.230808
0 0.552636 0.404901 0.048746 0.121316
0 0.770559 0.499812 0.078326 0.150393
0 0.428847 0.514670 0.079346 0.191126
0 0.308221 0.412141 0.039687 0.135847
0 0.224334 0.938927 0.107704 0.122146
0 0.594775 0.449050 0.061090 0.172553
0 0.875513 0.635457 0.079510 0.266984
0 0.808442 0.829476 0.099625 0.300782
0 0.539590 0.268839 0.027950 0.126294
0 0.121378 0.595541 0.053625 0.174091
0 0.057109 0.544004 0.052537 0.118992
0 0.566190 0.279609 0.029659 0.104810
