0 0.647072 0.590215 0.077025 0.189064
0 0.764323 0.502357 0.060728 0.147872
0 0.713602 0.539996 0.064977 0.168044
0 0.301240 0.418349 0.046638 0.145935
0 0.882327 0.638102 0.084832 0.266795
0 0.548876 0.404486 0.050620 0.121997
0 0.469407 0.364990 0.032556 0.080158
0 0.240849 0.927268 0.137101 0.145465
0 0.599409 0.288332 0.045012 0.117611
0 0.434135 0.331086 0.036864 0.073819
0 0.167366 0.915905 0.088447 0.166053
0 0.591472 0.496738 0.067423 0.279312
0 0.417623 0.496775 0.077919 0.205869
0 0.835326 0.758448 0.079499 0.214226
0 0.513608 0.380976 0.033821 0.104968
0 0.382016 0.446336 0.044825 0.110550
0 0.068753 0.507618 0.042402 0.165158
0 0.575575 0.277634 0.028733 0.096888
0 0.136920 0.588870 0.066239 0.172292
