0 0.730774 0.538903 0.061527 0.150888
0 0.464229 0.363659 0.047310 0.090257
0 0.539323 0.400564 0.049820 0.126290
0 0.309716 0.417894 0.046217 0.125627
0 0.184137 0.962005 0.073543 0.075990
0 0.434928 0.325959 0.040285 0.079622
0 0.779395 0.492374 0.064574 0.145505
0 0.438893 0.527398 0.079307 0.168905
0 0.654492 0.441738 0.091823 0.345691
0 0.505017 0.388568 0.029812 0.092658
0 0.142534 0.590276 0.075203 0.175645
0 0.067604 0.540893 0.043551 0.114180
0 0.585624 0.417953 0.063904 0.148069
0 0.167440 0.894406 0.099608 0.160165
0 0.824720 0.821436 0.116727 0.333261
0 0.920666 0.607741 0.068698 0.266099
0 0.376692 0.475344 0.034658 0.154679
0 0.611175 0.583210 0.080992 0.169866
0 0.548166 0.278051 0.050743 0.151160
