0 0.787169 0.492313 0.089919 0.156367
0 0.717136 0.544355 0.074800 0.159534
0 0.469388 0.366013 0.036529 0.083769
0 0.913331 0.609325 0.067516 0.257886
0 0.429854 0.526094 0.088054 0.184122
0 0.541997 0.398914 0.039351 0.120267
0 0.432332 0.331873 0.040569 0.083740
0 0.310092 0.414675 0.042613 0.125650
0 0.190315 0.963113 0.077308 0.073775
0 0.504070 0.387547 0.032099 0.096462
0 0.072933 0.538927 0.049506 0.118099
0 0.576954 0.504344 0.078274 0.258545
0 0.640140 0.449136 0.101257 0.295834
0 0.055729 0.493972 0.036984 0.125256
0 0.372695 0.452188 0.046620 0.141339
0 0.129121 0.562391 0.059654 0.121090
0 0.577647 0.445543 0.071490 0.142464
0 0.549697 0.276306 0.052880 0.149763
0 0.629943 0.575175 0.067446 0.144886
0 0.603641 0.306344 0.046792 0.142051
0 0.844968 0.758584 0.086967 0.210835
