0 0.708337 0.542623 0.067076 0.173750
0 0.435047 0.325019 0.041304 0.083377
0 0.500499 0.387553 0.038616 0.097092
0 0.472267 0.357527 0.045104 0.095323
0 0.837980 0.423046 0.090032 0.210077
0 0.442107 0.518567 0.075303 0.196399
0 0.776891 0.499478 0.071845 0.163224
0 0.538474 0.402094 0.049492 0.126190
0 0.310616 0.419246 0.042425 0.123767
0 0.903729 0.637556 0.073724 0.275186
0 0.614654 0.599647 0.073907 0.226269
0 0.376299 0.476919 0.043039 0.160377
0 0.143071 0.591874 0.076909 0.177888
0 0.166957 0.907022 0.096560 0.166213
0 0.067990 0.539617 0.044035 0.116118
0 0.827150 0.820321 0.121442 0.335406
0 0.549337 0.277206 0.051479 0.153019
0 0.599132 0.480155 0.081779 0.274008
0 0.179991 0.952091 0.064226 0.095818
