0 0.723623 0.540613 0.083958 0.169912
0 0.315799 0.413903 0.051416 0.119494
0 0.468298 0.357240 0.039876 0.092563
0 0.420976 0.504296 0.073587 0.172801
0 0.615146 0.285942 0.044206 0.113159
0 0.554748 0.388858 0.064901 0.123335
0 0.349385 0.325225 0.043153 0.095839
0 0.505853 0.388101 0.037003 0.095253
0 0.068036 0.538812 0.045522 0.119141
0 0.434635 0.328343 0.046580 0.071250
0 0.378125 0.478370 0.040603 0.155185
0 0.915180 0.492175 0.048937 0.158429
0 0.580262 0.275196 0.034996 0.094709
0 0.189308 0.960115 0.079906 0.079771
0 0.175400 0.912722 0.087327 0.159366
0 0.548606 0.261090 0.033210 0.116939
0 0.570198 0.445542 0.069187 0.097491
0 0.879106 0.626701 0.064109 0.212259
0 0.783390 0.510699 0.077620 0.085040
0 0.054738 0.487946 0.033192 0.109112
0 0.825180 0.734259 0.115514 0.136348
0 0.832911 0.663061 0.132393 0.276975
0 0.128729 0.564395 0.055060 0.112691
