0 0.643908 0.594746 0.104682 0.218425
0 0.838318 0.397465 0.047023 0.232933
0 0.784917 0.505395 0.102909 0.159284
0 0.537938 0.404514 0.057268 0.135585
0 0.882326 0.417942 0.058965 0.242229
0 0.434497 0.330236 0.041132 0.086249
0 0.597610 0.288709 0.041788 0.116576
0 0.481773 0.350584 0.033848 0.084850
0 0.312928 0.411403 0.044424 0.127404
0 0.426248 0.509096 0.072879 0.180156
0 0.702881 0.531840 0.049383 0.163783
0 0.182822 0.887035 0.074604 0.191041
0 0.382543 0.481176 0.037407 0.158890
0 0.595479 0.447812 0.059572 0.174051
0 0.050742 0.521476 0.058308 0.165070
0 0.539107 0.271102 0.029559 0.127359
0 0.064528 0.538818 0.040048 0.123808
0 0.124434 0.592370 0.049512 0.168874
0 0.226349 0.946784 0.082767 0.105237
0 0.876414 0.609713 0.080261 0.207526
