0 0.705369 0.542067 0.055744 0.171349
0 0.791248 0.495697 0.087124 0.158949
0 0.597818 0.288263 0.042148 0.119975
0 0.435540 0.331140 0.042424 0.088871
0 0.303652 0.423903 0.041497 0.135423
0 0.398335 0.494393 0.069864 0.191637
0 0.815007 0.370576 0.049445 0.238812
0 0.861800 0.408426 0.048575 0.228249
0 0.479537 0.355052 0.031358 0.071003
0 0.554639 0.401482 0.055397 0.144510
0 0.181826 0.886609 0.068673 0.179822
0 0.625331 0.594522 0.081196 0.228401
0 0.550283 0.261896 0.029637 0.118606
0 0.584376 0.543239 0.076107 0.373467
0 0.066895 0.536673 0.042079 0.116650
0 0.044157 0.520609 0.045965 0.165573
0 0.209992 0.947782 0.107345 0.104435
0 0.123405 0.606917 0.063165 0.213724
0 0.883483 0.618233 0.076755 0.224100
0 0.575622 0.270562 0.025167 0.080958
