0 0.716114 0.538397 0.065772 0.162371
0 0.439245 0.516475 0.079048 0.182516
0 0.434059 0.329171 0.038789 0.085614
0 0.502292 0.383277 0.035182 0.087348
0 0.470392 0.366477 0.036748 0.084825
0 0.647674 0.581442 0.066959 0.162914
0 0.757047 0.480608 0.048994 0.158104
0 0.919796 0.607135 0.068491 0.269987
0 0.188170 0.963324 0.079929 0.073352
0 0.072122 0.537318 0.048285 0.123506
0 0.379168 0.477390 0.047893 0.157200
0 0.312540 0.416428 0.043122 0.120833
0 0.554032 0.536419 0.091911 0.365572
0 0.161869 0.912539 0.084080 0.143984
0 0.536218 0.389835 0.056655 0.124457
0 0.116238 0.619925 0.069203 0.203578
0 0.051558 0.493909 0.034897 0.122959
0 0.548485 0.272216 0.050599 0.135898
0 0.603494 0.295253 0.039997 0.120204
0 0.574265 0.281529 0.032908 0.116850
0 0.844735 0.765020 0.088453 0.200879
