0 0.781527 0.499982 0.068956 0.136373
0 0.716230 0.542379 0.069482 0.165488
0 0.468873 0.368085 0.038543 0.085286
0 0.441046 0.518717 0.075541 0.193202
0 0.434952 0.325461 0.040085 0.082121
0 0.651857 0.577539 0.065685 0.158426
0 0.619855 0.461268 0.119269 0.245009
0 0.916281 0.619856 0.075042 0.263628
0 0.313113 0.415272 0.047160 0.121345
0 0.069533 0.537652 0.044309 0.119769
0 0.502079 0.387825 0.031199 0.097335
0 0.142788 0.588114 0.073738 0.179758
0 0.377655 0.479233 0.039152 0.154856
0 0.820531 0.819158 0.107877 0.335143
0 0.186795 0.961815 0.075782 0.076371
0 0.555832 0.383857 0.064414 0.118708
0 0.549387 0.271649 0.051162 0.139555
0 0.054786 0.489376 0.036948 0.112383
0 0.605935 0.299233 0.044498 0.107424
0 0.059851 0.515979 0.052303 0.166140
