0 0.473351 0.359987 0.042525 0.092610
0 0.347402 0.324844 0.046154 0.107715
0 0.379453 0.478506 0.044576 0.158034
0 0.776161 0.499913 0.120461 0.180430
0 0.539712 0.394174 0.045548 0.114697
0 0.070242 0.535745 0.044556 0.122882
0 0.632212 0.605321 0.097185 0.199062
0 0.430457 0.512775 0.079222 0.197760
0 0.142683 0.587139 0.077294 0.175661
0 0.505430 0.389559 0.030457 0.095404
0 0.621758 0.294442 0.040713 0.107360
0 0.829175 0.827838 0.123724 0.344324
0 0.549229 0.275333 0.049390 0.141277
0 0.919903 0.604009 0.069306 0.285078
0 0.316936 0.415456 0.042344 0.115796
0 0.428621 0.328550 0.028523 0.080666
0 0.571032 0.438034 0.065804 0.110445
0 0.054876 0.493645 0.036778 0.125351
0 0.284623 0.328775 0.024969 0.161772
