0 0.725984 0.546473 0.081646 0.162879
0 0.469338 0.355014 0.040967 0.097422
0 0.316433 0.413337 0.051450 0.121156
0 0.420741 0.504132 0.072613 0.173554
0 0.615060 0.284558 0.044373 0.112862
0 0.350929 0.320058 0.047706 0.103700
0 0.775659 0.497561 0.074603 0.115551
0 0.506365 0.385551 0.034436 0.094099
0 0.579583 0.278339 0.035617 0.101956
0 0.554369 0.390342 0.065442 0.126953
0 0.379086 0.478998 0.044602 0.154123
0 0.177628 0.884973 0.087152 0.175359
0 0.068371 0.540402 0.045370 0.116230
0 0.189103 0.959302 0.082490 0.081397
0 0.551588 0.273278 0.038222 0.139154
0 0.671312 0.325807 0.056717 0.255900
0 0.881621 0.631491 0.069148 0.215647
0 0.569482 0.444842 0.065171 0.097296
0 0.054519 0.490713 0.029548 0.122818
0 0.128860 0.563941 0.054922 0.111165
0 0.835396 0.665099 0.137127 0.274237
0 0.825367 0.732815 0.116328 0.141751
