0 0.787745 0.487892 0.090599 0.172424
0 0.347183 0.324704 0.044347 0.099390
0 0.701278 0.547247 0.085226 0.178477
0 0.523859 0.397522 0.064592 0.115605
0 0.315943 0.412964 0.050101 0.122133
0 0.920280 0.597910 0.072781 0.264599
0 0.424321 0.504606 0.070469 0.180246
0 0.378829 0.479428 0.040792 0.159757
0 0.631453 0.505952 0.073907 0.225151
0 0.609282 0.288510 0.046964 0.113689
0 0.469968 0.355096 0.030392 0.095597
0 0.569624 0.436626 0.062971 0.112927
0 0.063350 0.516123 0.055927 0.166484
0 0.493547 0.378256 0.035114 0.085226
0 0.572308 0.272821 0.035036 0.100211
0 0.173834 0.877529 0.096572 0.206909
0 0.547213 0.276969 0.048103 0.142076
0 0.129246 0.562908 0.060996 0.109639
0 0.427421 0.333813 0.035790 0.069364
0 0.841850 0.761722 0.087122 0.214057
0 0.827116 0.827263 0.118320 0.345468
0 0.182942 0.957782 0.080817 0.084436
