0 0.704544 0.541928 0.059701 0.173181
0 0.472567 0.354957 0.044377 0.083438
0 0.591722 0.447758 0.068083 0.177366
0 0.762944 0.500561 0.048928 0.155007
0 0.639425 0.600359 0.088056 0.196615
0 0.384228 0.480421 0.045723 0.160061
0 0.893239 0.423314 0.052587 0.256938
0 0.595029 0.291376 0.041734 0.116891
0 0.431236 0.517225 0.078731 0.188598
0 0.179454 0.879352 0.076405 0.219585
0 0.535134 0.407763 0.054514 0.113401
0 0.852412 0.402925 0.041091 0.228892
0 0.323015 0.404945 0.044436 0.135840
0 0.869569 0.665254 0.132690 0.254634
0 0.122151 0.591592 0.050172 0.160581
0 0.053077 0.521429 0.056388 0.166768
0 0.539685 0.267347 0.026355 0.124613
0 0.436085 0.330463 0.038632 0.073550
0 0.217373 0.948608 0.099623 0.102784
