0 0.708449 0.544975 0.065050 0.160761
0 0.469454 0.357427 0.039767 0.097667
0 0.779955 0.480497 0.070203 0.163427
0 0.347237 0.327249 0.046407 0.109371
0 0.419693 0.505567 0.071554 0.171190
0 0.434580 0.331106 0.038772 0.084271
0 0.614105 0.284417 0.046116 0.116712
0 0.316431 0.412174 0.051632 0.122012
0 0.066329 0.537664 0.046325 0.121177
0 0.504748 0.389639 0.036314 0.097203
0 0.375204 0.475526 0.044169 0.154539
0 0.173716 0.912809 0.089763 0.162991
0 0.181101 0.960074 0.092787 0.079853
0 0.557570 0.381349 0.043212 0.110171
0 0.578073 0.276391 0.033091 0.094239
0 0.128455 0.561154 0.059585 0.106542
0 0.547684 0.258949 0.033864 0.114868
0 0.836856 0.656919 0.137932 0.267592
0 0.821400 0.736097 0.113317 0.141589
0 0.569922 0.444409 0.067312 0.098958
0 0.140020 0.613811 0.083501 0.214038
0 0.053538 0.486049 0.029189 0.107479
0 0.917594 0.507403 0.059193 0.129808
