0 0.716393 0.542584 0.069566 0.161303
0 0.786831 0.494636 0.090266 0.150594
0 0.432490 0.332489 0.040560 0.080799
0 0.127347 0.635188 0.062718 0.220808
0 0.376768 0.480182 0.049297 0.159230
0 0.503345 0.385933 0.034469 0.097700
0 0.426022 0.517551 0.053317 0.176371
0 0.316114 0.413341 0.050674 0.122832
0 0.187625 0.963488 0.076431 0.073025
0 0.547909 0.392825 0.053717 0.135944
0 0.910139 0.612748 0.066785 0.229303
0 0.644652 0.566972 0.066141 0.159343
0 0.075369 0.536674 0.051703 0.119191
0 0.161582 0.910128 0.085982 0.140716
0 0.582379 0.492636 0.081183 0.283098
0 0.835951 0.756013 0.082798 0.212400
0 0.055767 0.493194 0.037118 0.123951
0 0.548485 0.271846 0.050459 0.136089
0 0.571775 0.278520 0.028030 0.099032
0 0.466975 0.361170 0.035549 0.071098
0 0.608660 0.317372 0.055674 0.156881
0 0.600435 0.291621 0.041421 0.103959
0 0.482418 0.490430 0.100141 0.268570
