0 0.421089 0.509651 0.071080 0.166115
0 0.617794 0.286528 0.043991 0.114143
0 0.542224 0.389361 0.038324 0.122873
0 0.908537 0.628542 0.068641 0.248629
0 0.352055 0.320641 0.045919 0.107567
0 0.716599 0.549970 0.063539 0.154396
0 0.503408 0.389329 0.036882 0.099402
0 0.060740 0.510385 0.058513 0.178366
0 0.383254 0.464772 0.042449 0.169261
0 0.173190 0.910495 0.094109 0.166320
0 0.581523 0.278746 0.038833 0.101270
0 0.339165 0.414637 0.043033 0.090481
0 0.577919 0.419150 0.075416 0.139147
0 0.187349 0.960593 0.083575 0.078815
0 0.550970 0.269737 0.038036 0.133484
0 0.577982 0.486023 0.078243 0.270911
0 0.783152 0.513249 0.071724 0.085517
0 0.431571 0.331789 0.034651 0.057758
0 0.823792 0.734766 0.113439 0.166773
0 0.315805 0.399648 0.035057 0.078402
0 0.067740 0.541320 0.043851 0.114474
0 0.460536 0.370339 0.050361 0.083070
