0 0.720387 0.556497 0.073826 0.144245
0 0.313359 0.415502 0.044810 0.121963
0 0.433275 0.526498 0.074740 0.173584
0 0.779062 0.493423 0.063265 0.145495
0 0.467909 0.364724 0.038760 0.085649
0 0.184718 0.962196 0.072584 0.075608
0 0.434902 0.323390 0.036480 0.085333
0 0.541728 0.394144 0.051062 0.118042
0 0.911503 0.611584 0.070232 0.256382
0 0.167468 0.903134 0.095554 0.152188
0 0.502797 0.390632 0.031190 0.090573
0 0.611356 0.469558 0.127494 0.267924
0 0.549370 0.276522 0.052786 0.150662
0 0.143661 0.598195 0.072288 0.181269
0 0.819658 0.821076 0.107274 0.332237
0 0.068256 0.540325 0.039802 0.113222
0 0.378323 0.475756 0.042586 0.156887
0 0.616844 0.578896 0.078837 0.173556
0 0.055028 0.495190 0.038261 0.124870
0 0.596609 0.292053 0.047031 0.120190
