0 0.643961 0.595423 0.104815 0.217032
0 0.839174 0.398265 0.047767 0.230680
0 0.784719 0.505309 0.101498 0.159268
0 0.597496 0.287829 0.041842 0.119209
0 0.305740 0.417634 0.039468 0.142341
0 0.434523 0.331085 0.041068 0.085942
0 0.182772 0.889355 0.076796 0.198549
0 0.540179 0.401373 0.055003 0.133796
0 0.880475 0.410100 0.056628 0.222752
0 0.703335 0.530982 0.049347 0.160879
0 0.425652 0.507247 0.072665 0.176471
0 0.384970 0.482418 0.042473 0.157401
0 0.594670 0.446271 0.061033 0.172098
0 0.538616 0.269498 0.033558 0.121446
0 0.050891 0.521554 0.058311 0.165237
0 0.485628 0.352969 0.041680 0.083290
0 0.877381 0.609461 0.084671 0.220939
0 0.124606 0.592416 0.049024 0.166224
0 0.226681 0.947391 0.081937 0.104783
0 0.576510 0.269652 0.026724 0.080122
0 0.064533 0.543078 0.039904 0.114506
