0 0.780280 0.496896 0.077342 0.165812
0 0.470588 0.358114 0.042461 0.094496
0 0.539940 0.393860 0.046388 0.117082
0 0.441939 0.518250 0.074759 0.195177
0 0.317603 0.412881 0.050883 0.122684
0 0.913864 0.626783 0.065895 0.262458
0 0.504649 0.386228 0.038177 0.100236
0 0.631737 0.604839 0.097357 0.198590
0 0.332141 0.295215 0.059943 0.158728
0 0.436484 0.319577 0.045709 0.086120
0 0.070408 0.538049 0.043594 0.120977
0 0.237850 0.435499 0.043107 0.261504
0 0.054761 0.494084 0.036595 0.125222
0 0.375888 0.476201 0.049005 0.159194
0 0.569790 0.439941 0.064371 0.106962
0 0.825387 0.819074 0.116213 0.332322
0 0.131121 0.580390 0.060529 0.145410
0 0.539185 0.273517 0.033213 0.142959
