0 0.785762 0.487983 0.089332 0.179383
0 0.419091 0.502621 0.074553 0.174432
0 0.069017 0.534685 0.044782 0.126103
0 0.316455 0.413535 0.052310 0.120431
0 0.342247 0.327343 0.046051 0.104638
0 0.525032 0.397875 0.063614 0.118164
0 0.467932 0.362797 0.036290 0.082698
0 0.918248 0.602878 0.073219 0.264807
0 0.376326 0.478494 0.040535 0.156102
0 0.496229 0.380451 0.040168 0.081442
0 0.570274 0.436066 0.065288 0.115303
0 0.547641 0.277979 0.046356 0.143173
0 0.696702 0.558221 0.066908 0.149042
0 0.180801 0.925769 0.084622 0.148463
0 0.624913 0.291757 0.040260 0.097888
0 0.840912 0.756058 0.077295 0.209592
0 0.052966 0.494117 0.033105 0.122741
0 0.654271 0.566532 0.078580 0.235791
0 0.582143 0.281277 0.040928 0.107809
0 0.428668 0.341123 0.038654 0.065712
0 0.188109 0.960304 0.087206 0.079393
