0 0.469861 0.358761 0.043673 0.093458
0 0.539762 0.394531 0.048448 0.118660
0 0.441976 0.518079 0.075738 0.194058
0 0.776572 0.506223 0.075840 0.146838
0 0.338578 0.297978 0.056244 0.160815
0 0.631713 0.606779 0.097505 0.199623
0 0.828177 0.825182 0.121258 0.340086
0 0.433771 0.323033 0.046187 0.089560
0 0.317237 0.413147 0.051468 0.121517
0 0.923061 0.624038 0.069462 0.276611
0 0.377203 0.478029 0.042285 0.158120
0 0.503213 0.389648 0.035879 0.094311
0 0.113855 0.614766 0.073369 0.219389
0 0.569708 0.438636 0.064106 0.108560
0 0.070303 0.537736 0.045342 0.123060
0 0.538952 0.273996 0.031788 0.140277
0 0.059996 0.516250 0.053652 0.169831
0 0.055283 0.487996 0.036475 0.111097
0 0.275086 0.349942 0.040635 0.207235
