0 0.467758 0.365717 0.036672 0.086431
0 0.434972 0.522100 0.085114 0.200950
0 0.435655 0.328909 0.034946 0.083095
0 0.729740 0.532663 0.083507 0.148753
0 0.814548 0.417552 0.062118 0.190999
0 0.542843 0.397616 0.038514 0.121399
0 0.067864 0.539028 0.041286 0.117325
0 0.502416 0.388591 0.036556 0.096735
0 0.303587 0.422127 0.056893 0.138613
0 0.895235 0.630897 0.071294 0.265829
0 0.828169 0.753247 0.093837 0.206397
0 0.167865 0.909300 0.096720 0.159283
0 0.184799 0.963888 0.071008 0.072225
0 0.576061 0.504474 0.078450 0.254558
0 0.792437 0.483912 0.094593 0.149959
0 0.593137 0.287437 0.050469 0.120305
0 0.121615 0.591634 0.055568 0.145637
0 0.379495 0.478820 0.039704 0.153518
0 0.551063 0.274089 0.034608 0.142839
0 0.652700 0.599901 0.121680 0.202198
0 0.577781 0.446326 0.070690 0.136086
0 0.574224 0.269451 0.029802 0.087270
0 0.675889 0.574068 0.077895 0.141853
