0 0.730019 0.538910 0.060645 0.151368
0 0.465270 0.363127 0.045397 0.091765
0 0.540860 0.401024 0.049079 0.125269
0 0.434796 0.327218 0.040559 0.079990
0 0.778488 0.493155 0.066364 0.147368
0 0.184006 0.962159 0.074474 0.075682
0 0.310059 0.418351 0.047006 0.127175
0 0.651976 0.440534 0.095746 0.344924
0 0.142754 0.591583 0.075891 0.172143
0 0.438367 0.524723 0.081518 0.176211
0 0.505305 0.390082 0.030251 0.093538
0 0.588179 0.418369 0.056291 0.143515
0 0.824686 0.822330 0.116649 0.335565
0 0.060884 0.516626 0.054170 0.167069
0 0.169376 0.898634 0.100977 0.166572
0 0.920287 0.607586 0.070351 0.265731
0 0.375653 0.478070 0.039357 0.153751
0 0.549483 0.279114 0.052566 0.146566
0 0.612012 0.584208 0.081731 0.172745
