0 0.656260 0.588947 0.096090 0.193100
0 0.547781 0.398009 0.044580 0.131607
0 0.787739 0.496524 0.098202 0.174948
0 0.598737 0.288005 0.042887 0.118981
0 0.467768 0.364091 0.030184 0.078049
0 0.440389 0.523938 0.079147 0.181035
0 0.706994 0.534459 0.057187 0.151507
0 0.504538 0.385703 0.031829 0.099392
0 0.826671 0.747231 0.089150 0.216671
0 0.309415 0.420591 0.046612 0.135147
0 0.802571 0.418101 0.072728 0.201546
0 0.426113 0.323046 0.053675 0.092499
0 0.880651 0.631642 0.081626 0.267992
0 0.587801 0.428906 0.062818 0.133026
0 0.121512 0.591160 0.056851 0.143800
0 0.559236 0.508654 0.104519 0.279262
0 0.059088 0.543144 0.042759 0.120220
0 0.390420 0.457452 0.036347 0.102480
0 0.069574 0.475738 0.034710 0.101916
0 0.153554 0.925567 0.080473 0.148867
0 0.550520 0.270170 0.045110 0.134973
