0 0.779572 0.490440 0.072972 0.164181
0 0.632671 0.595371 0.081983 0.210658
0 0.715343 0.539916 0.070613 0.170675
0 0.597678 0.288119 0.044032 0.118329
0 0.307499 0.413404 0.039562 0.138607
0 0.434567 0.330494 0.044185 0.076856
0 0.398843 0.494036 0.068706 0.190328
0 0.829755 0.399569 0.040115 0.223087
0 0.540557 0.394441 0.053239 0.127278
0 0.480584 0.356054 0.030446 0.071718
0 0.157516 0.872898 0.085146 0.209107
0 0.039692 0.517448 0.036888 0.155240
0 0.550909 0.258488 0.029111 0.113892
0 0.876340 0.413898 0.042253 0.237110
0 0.073212 0.531603 0.054667 0.130012
0 0.592684 0.446049 0.063203 0.176146
0 0.113777 0.603121 0.060283 0.160463
0 0.884081 0.626501 0.069036 0.198337
0 0.219310 0.936309 0.096281 0.127382
0 0.877976 0.350990 0.033717 0.113477
