0 0.785489 0.488141 0.087328 0.175721
0 0.342124 0.327701 0.045583 0.107954
0 0.417663 0.503260 0.073831 0.174976
0 0.525009 0.398362 0.061745 0.117160
0 0.472576 0.355653 0.038145 0.094738
0 0.315795 0.413995 0.050702 0.123851
0 0.695432 0.543105 0.068449 0.171598
0 0.546962 0.277518 0.047619 0.143643
0 0.068071 0.533851 0.046025 0.129736
0 0.919212 0.604485 0.069127 0.260922
0 0.496309 0.379473 0.040876 0.079732
0 0.570060 0.436462 0.064645 0.114934
0 0.379203 0.480846 0.045189 0.153499
0 0.180640 0.924623 0.083480 0.150754
0 0.624761 0.291079 0.040001 0.095571
0 0.841764 0.756208 0.080081 0.210841
0 0.582832 0.282157 0.041260 0.109648
0 0.265826 0.435897 0.054580 0.312145
0 0.427143 0.341323 0.038656 0.065237
0 0.053370 0.492131 0.032582 0.120211
0 0.187136 0.960524 0.089366 0.078952
