0 0.787817 0.490606 0.092691 0.180298
0 0.344309 0.326300 0.046078 0.105218
0 0.631397 0.598562 0.107765 0.225752
0 0.692793 0.552167 0.080626 0.185102
0 0.424352 0.329230 0.035572 0.080058
0 0.314800 0.414335 0.053429 0.121459
0 0.380475 0.479526 0.044803 0.157842
0 0.429638 0.512199 0.082422 0.195092
0 0.067201 0.534389 0.043623 0.125561
0 0.504009 0.386883 0.032975 0.098814
0 0.624873 0.293782 0.040915 0.102046
0 0.845340 0.759709 0.084028 0.214569
0 0.569744 0.447586 0.066017 0.093513
0 0.470913 0.354897 0.031986 0.082249
0 0.553786 0.377595 0.043035 0.100405
0 0.546828 0.271586 0.047672 0.131749
0 0.854084 0.675942 0.105161 0.277572
0 0.131911 0.562844 0.069440 0.127484
0 0.573152 0.273980 0.038694 0.103859
0 0.138811 0.615791 0.083061 0.232588
0 0.174504 0.926136 0.107630 0.147728
0 0.054278 0.490297 0.034302 0.115686
0 0.888073 0.632549 0.043996 0.165961
