0 0.547792 0.390128 0.050473 0.129642
0 0.726185 0.549951 0.079105 0.157196
0 0.350515 0.323513 0.046821 0.112501
0 0.618824 0.286188 0.043333 0.114646
0 0.778619 0.479228 0.068568 0.147797
0 0.908627 0.628304 0.072607 0.253363
0 0.503341 0.389228 0.038113 0.096914
0 0.420397 0.507777 0.072225 0.167811
0 0.068441 0.538312 0.044569 0.123469
0 0.581388 0.279181 0.039201 0.101580
0 0.186730 0.960683 0.085911 0.078634
0 0.551468 0.268795 0.037507 0.132359
0 0.383775 0.465732 0.039400 0.169908
0 0.432866 0.334136 0.036386 0.062626
0 0.173672 0.919886 0.094735 0.157438
0 0.820086 0.726796 0.105746 0.209092
0 0.319615 0.415093 0.041276 0.117147
0 0.271290 0.476862 0.083711 0.227858
0 0.568141 0.442414 0.063817 0.098009
0 0.046503 0.487870 0.030178 0.128872
0 0.127145 0.567888 0.053550 0.114940
