0 0.780375 0.489571 0.072368 0.167940
0 0.710679 0.541524 0.056885 0.161988
0 0.435967 0.332270 0.038939 0.098869
0 0.619250 0.606470 0.082764 0.205341
0 0.597527 0.288572 0.043236 0.121449
0 0.307967 0.416494 0.036229 0.132867
0 0.227851 0.928839 0.089507 0.142321
0 0.069326 0.528127 0.051300 0.131771
0 0.135122 0.638299 0.067965 0.236611
0 0.589133 0.437855 0.063747 0.158960
0 0.889033 0.629300 0.076717 0.280074
0 0.539891 0.401773 0.053332 0.121305
0 0.397693 0.495599 0.068168 0.193153
0 0.039952 0.511027 0.035872 0.144712
0 0.155290 0.870681 0.096962 0.226473
0 0.476525 0.348907 0.038058 0.075305
0 0.465028 0.528295 0.073680 0.369934
0 0.549770 0.259289 0.028611 0.120366
