0 0.716317 0.551003 0.067091 0.149094
0 0.420967 0.503188 0.073482 0.175295
0 0.892088 0.494511 0.063302 0.139878
0 0.780767 0.509799 0.066029 0.116689
0 0.351155 0.322863 0.046825 0.109569
0 0.617733 0.288624 0.041989 0.105706
0 0.240944 0.455460 0.058517 0.192506
0 0.537913 0.392838 0.047419 0.110117
0 0.503514 0.390469 0.036740 0.095113
0 0.472195 0.364855 0.039573 0.085726
0 0.432551 0.332473 0.037530 0.092206
0 0.068553 0.537017 0.040049 0.123743
0 0.379992 0.468668 0.042565 0.170131
0 0.852152 0.698467 0.092546 0.248361
0 0.163624 0.381557 0.046813 0.238008
0 0.314062 0.426174 0.056399 0.146107
0 0.576178 0.272553 0.033661 0.095011
0 0.549992 0.275798 0.035704 0.144402
0 0.182504 0.913218 0.100284 0.173564
