0 0.713095 0.540281 0.066045 0.166355
0 0.785649 0.493852 0.089381 0.166386
0 0.597777 0.288623 0.040976 0.117838
0 0.648857 0.589583 0.077301 0.185900
0 0.301105 0.419776 0.045450 0.147191
0 0.504765 0.386749 0.034429 0.097280
0 0.433976 0.332411 0.036648 0.073613
0 0.549525 0.402981 0.049364 0.124507
0 0.468734 0.364731 0.032103 0.081212
0 0.884319 0.646492 0.084836 0.262033
0 0.420979 0.515829 0.084809 0.178201
0 0.592807 0.496676 0.068859 0.279606
0 0.071494 0.482569 0.045911 0.117241
0 0.120769 0.591986 0.056510 0.144019
0 0.157689 0.909463 0.085019 0.167179
0 0.575518 0.277475 0.027805 0.096728
0 0.056738 0.544171 0.051188 0.120696
0 0.211708 0.930905 0.088408 0.138189
0 0.377507 0.452375 0.035412 0.098306
