0 0.473023 0.359831 0.044106 0.096079
0 0.775265 0.500484 0.118123 0.183517
0 0.624037 0.597588 0.081718 0.216047
0 0.380826 0.479462 0.043548 0.158071
0 0.915678 0.611292 0.069686 0.259470
0 0.430656 0.511460 0.080270 0.197265
0 0.351394 0.320946 0.051908 0.096225
0 0.507666 0.390814 0.027597 0.094249
0 0.828864 0.826232 0.121676 0.337008
0 0.621352 0.293657 0.041013 0.107091
0 0.428225 0.328569 0.030013 0.081355
0 0.062067 0.516018 0.054530 0.165909
0 0.315988 0.412486 0.050402 0.118075
0 0.569850 0.436216 0.065752 0.113726
0 0.282535 0.506284 0.078508 0.321823
0 0.549046 0.381402 0.053887 0.111831
0 0.549108 0.271966 0.051431 0.133187
0 0.132998 0.567327 0.070614 0.129278
0 0.069497 0.541349 0.042457 0.110869
0 0.138567 0.613519 0.085423 0.223229
0 0.580837 0.276963 0.036690 0.104693
