0 0.347361 0.325810 0.045924 0.106357
0 0.473361 0.360053 0.042753 0.093020
0 0.775874 0.501117 0.120561 0.180928
0 0.379229 0.478671 0.043674 0.156687
0 0.537739 0.393528 0.047940 0.116690
0 0.070366 0.536172 0.044416 0.122751
0 0.631704 0.605974 0.097414 0.199491
0 0.430820 0.516161 0.079414 0.193566
0 0.918959 0.606846 0.069265 0.275910
0 0.504798 0.389605 0.029240 0.094446
0 0.621712 0.294911 0.040796 0.108494
0 0.317992 0.414436 0.041070 0.115618
0 0.569678 0.436892 0.065158 0.112670
0 0.428660 0.328878 0.029014 0.081538
0 0.828040 0.826618 0.123456 0.338453
0 0.139925 0.590054 0.080374 0.177312
0 0.055181 0.494773 0.037042 0.127206
0 0.285672 0.329823 0.031595 0.160631
0 0.550570 0.274164 0.051835 0.145639
0 0.191650 0.963859 0.076037 0.072281
0 0.579593 0.268831 0.035205 0.089392
