0 0.597836 0.287516 0.041191 0.119013
0 0.657792 0.584544 0.094861 0.186658
0 0.543277 0.404173 0.039699 0.124828
0 0.705556 0.534046 0.054612 0.150639
0 0.787714 0.496640 0.096131 0.166913
0 0.727065 0.438764 0.075725 0.181930
0 0.827876 0.750127 0.085717 0.218434
0 0.437247 0.520695 0.080152 0.185607
0 0.467962 0.364470 0.030069 0.079390
0 0.503536 0.387031 0.033404 0.097356
0 0.307058 0.417385 0.044670 0.138930
0 0.885919 0.641767 0.092018 0.261493
0 0.586627 0.430453 0.057204 0.122405
0 0.063303 0.540607 0.052669 0.120266
0 0.561167 0.514515 0.100939 0.289212
0 0.425094 0.330528 0.049492 0.076654
0 0.125508 0.620758 0.067213 0.200457
0 0.383000 0.481147 0.042047 0.154339
0 0.069100 0.478515 0.033034 0.107554
0 0.550920 0.274979 0.042841 0.140561
0 0.575235 0.279212 0.027638 0.096863
