0 0.469800 0.356921 0.038608 0.091147
0 0.437544 0.326763 0.038782 0.089096
0 0.773931 0.499062 0.065433 0.163041
0 0.440152 0.516348 0.077785 0.193461
0 0.069016 0.538637 0.043537 0.119266
0 0.498377 0.382541 0.036713 0.091560
0 0.914930 0.606055 0.075558 0.268124
0 0.376159 0.476897 0.039766 0.155465
0 0.627448 0.605720 0.090064 0.193699
0 0.140569 0.592183 0.080131 0.173364
0 0.549107 0.276811 0.051709 0.144774
0 0.297899 0.498120 0.091556 0.371240
0 0.570376 0.444883 0.066984 0.095750
0 0.675418 0.530342 0.058557 0.218787
0 0.533644 0.390697 0.059754 0.117763
0 0.828143 0.821984 0.122640 0.333944
0 0.189265 0.961523 0.076506 0.076955
0 0.052446 0.487451 0.033367 0.114984
0 0.060157 0.514771 0.053602 0.170936
0 0.156534 0.906625 0.072715 0.171475
