0 0.539283 0.399739 0.049257 0.125852
0 0.471572 0.357836 0.044996 0.095607
0 0.436174 0.325774 0.035957 0.084271
0 0.727024 0.541643 0.056097 0.149164
0 0.500296 0.386921 0.038360 0.095737
0 0.776286 0.495997 0.069257 0.151808
0 0.309359 0.418310 0.049207 0.128293
0 0.615799 0.598849 0.075559 0.219564
0 0.922401 0.597288 0.063559 0.260839
0 0.438764 0.524152 0.078243 0.175954
0 0.142957 0.591886 0.077543 0.177750
0 0.641270 0.436838 0.072044 0.349025
0 0.165849 0.894841 0.095569 0.164051
0 0.825669 0.822957 0.114661 0.339892
0 0.549062 0.278528 0.049846 0.152754
0 0.589729 0.417587 0.069028 0.147007
0 0.068583 0.541764 0.043469 0.111761
0 0.059593 0.515746 0.053265 0.167305
0 0.173419 0.951410 0.052419 0.097181
0 0.378169 0.456931 0.046690 0.115888
0 0.054348 0.487279 0.035861 0.109782
0 0.591847 0.476317 0.078872 0.261149
