0 0.782779 0.488253 0.068246 0.158836
0 0.436266 0.332175 0.039515 0.095407
0 0.597592 0.288696 0.044244 0.117836
0 0.723849 0.545971 0.064133 0.150587
0 0.071797 0.527657 0.053992 0.133410
0 0.622810 0.604107 0.082696 0.206509
0 0.134139 0.644385 0.067250 0.226565
0 0.307644 0.415438 0.036237 0.132864
0 0.590176 0.436094 0.064664 0.155582
0 0.548940 0.395257 0.048616 0.139606
0 0.224496 0.932599 0.095865 0.134803
0 0.038888 0.515058 0.034852 0.148653
0 0.396302 0.515409 0.091992 0.316497
0 0.549409 0.259436 0.033836 0.123130
0 0.943214 0.569386 0.067674 0.257636
0 0.161196 0.888260 0.080371 0.197754
0 0.494546 0.386705 0.054101 0.101892
0 0.468057 0.352942 0.024239 0.067638
0 0.976628 0.548565 0.046743 0.267504
