0 0.774032 0.490459 0.076878 0.181476
0 0.469480 0.358300 0.035061 0.094484
0 0.541186 0.391818 0.047553 0.114531
0 0.316414 0.299814 0.060480 0.162233
0 0.614510 0.599009 0.073682 0.227081
0 0.915598 0.613148 0.064556 0.273603
0 0.375775 0.479489 0.040990 0.153598
0 0.069496 0.537155 0.044660 0.120716
0 0.316667 0.413033 0.047865 0.122225
0 0.550550 0.276884 0.051539 0.151105
0 0.436580 0.317031 0.042309 0.075997
0 0.498836 0.387152 0.034979 0.095539
0 0.570890 0.445226 0.066113 0.094776
0 0.456502 0.528806 0.061537 0.229780
0 0.156572 0.917572 0.076033 0.153681
0 0.427605 0.512937 0.047553 0.181996
0 0.828316 0.824476 0.123428 0.334047
0 0.054651 0.493719 0.035735 0.125647
0 0.604585 0.294439 0.049307 0.121511
0 0.131155 0.581028 0.062194 0.145741
