0 0.781029 0.492037 0.069927 0.151264
0 0.597791 0.288621 0.043940 0.119534
0 0.308944 0.415123 0.038621 0.128549
0 0.590287 0.445655 0.064309 0.172119
0 0.713379 0.539124 0.046120 0.162965
0 0.072569 0.526981 0.053614 0.136762
0 0.134258 0.646302 0.067463 0.223418
0 0.547502 0.405272 0.046102 0.121767
0 0.621887 0.608801 0.079565 0.204491
0 0.432240 0.327504 0.041897 0.089231
0 0.903060 0.500758 0.049422 0.126841
0 0.039945 0.518618 0.037578 0.156336
0 0.239680 0.930040 0.097834 0.139920
0 0.392391 0.514422 0.082283 0.316248
0 0.548499 0.259764 0.031607 0.119943
0 0.941042 0.572000 0.062873 0.252641
0 0.467198 0.351202 0.027464 0.065999
0 0.931198 0.616035 0.093649 0.319205
0 0.493796 0.383024 0.054345 0.104578
0 0.167572 0.909215 0.078088 0.156500
