0 0.787519 0.491505 0.092631 0.179937
0 0.345352 0.323615 0.044978 0.099343
0 0.631506 0.602560 0.105729 0.216243
0 0.472670 0.358676 0.037223 0.088498
0 0.315601 0.413404 0.051774 0.120935
0 0.699074 0.552443 0.066361 0.178199
0 0.378528 0.478206 0.043297 0.161890
0 0.422858 0.504133 0.070164 0.177193
0 0.525720 0.395314 0.065205 0.121043
0 0.498627 0.378919 0.039593 0.086131
0 0.423673 0.330077 0.035936 0.081648
0 0.055435 0.495440 0.037578 0.127050
0 0.843129 0.763562 0.081948 0.205283
0 0.570269 0.436695 0.064793 0.114354
0 0.575289 0.271620 0.032011 0.092210
0 0.070758 0.540098 0.045760 0.113291
0 0.547361 0.277226 0.049323 0.143353
0 0.172297 0.906417 0.096398 0.186749
0 0.853797 0.657625 0.105749 0.236268
0 0.173222 0.954974 0.090718 0.090051
0 0.609658 0.293913 0.046185 0.108152
0 0.129599 0.568363 0.063741 0.118355
0 0.885780 0.633263 0.045123 0.180636
