0 0.779077 0.474314 0.075190 0.150055
0 0.346126 0.324762 0.047871 0.108280
0 0.417227 0.503386 0.071564 0.172841
0 0.068289 0.538528 0.040138 0.116863
0 0.621367 0.292835 0.039462 0.114578
0 0.653921 0.530259 0.062487 0.264198
0 0.499928 0.383544 0.038894 0.107155
0 0.315611 0.414603 0.053007 0.118900
0 0.174281 0.897319 0.092491 0.168024
0 0.726050 0.554463 0.082728 0.143283
0 0.374167 0.466932 0.040098 0.141434
0 0.546897 0.273261 0.046707 0.134516
0 0.472349 0.354108 0.031038 0.092112
0 0.187307 0.960539 0.087002 0.078923
0 0.582266 0.281162 0.040648 0.108286
0 0.854705 0.633847 0.120209 0.249938
0 0.569047 0.383251 0.042240 0.103526
0 0.428257 0.344460 0.039037 0.069979
0 0.571791 0.447438 0.061589 0.090628
0 0.058572 0.517301 0.054019 0.164976
0 0.829615 0.830136 0.122205 0.318544
0 0.047929 0.497802 0.028979 0.126210
