0 0.628770 0.595961 0.082575 0.215011
0 0.473999 0.355371 0.044317 0.083498
0 0.591672 0.445250 0.068903 0.180406
0 0.386992 0.479566 0.053067 0.164071
0 0.883012 0.644586 0.083965 0.263839
0 0.893938 0.423314 0.052438 0.251263
0 0.228495 0.931136 0.123409 0.137729
0 0.432462 0.326488 0.046719 0.085814
0 0.429049 0.512279 0.069528 0.182405
0 0.535773 0.406600 0.054428 0.113233
0 0.051952 0.520460 0.057665 0.165626
0 0.165422 0.918902 0.091784 0.160716
0 0.851320 0.402770 0.039721 0.226915
0 0.815429 0.809440 0.113038 0.342079
0 0.317079 0.406177 0.051927 0.159697
0 0.616831 0.324920 0.049947 0.154384
0 0.120719 0.589346 0.045468 0.157534
0 0.541798 0.268577 0.030583 0.125567
0 0.580047 0.276588 0.035598 0.099738
