0 0.792027 0.481020 0.081402 0.148214
0 0.722031 0.552738 0.077227 0.152210
0 0.417558 0.503017 0.077517 0.178519
0 0.069550 0.539359 0.045160 0.121096
0 0.899944 0.483350 0.061481 0.157917
0 0.461937 0.359766 0.033749 0.098292
0 0.613521 0.288551 0.042654 0.105824
0 0.540136 0.399797 0.046980 0.132582
0 0.353359 0.316484 0.043851 0.097733
0 0.578529 0.274914 0.034246 0.095548
0 0.816524 0.813421 0.114759 0.348690
0 0.431927 0.330255 0.035526 0.066956
0 0.180259 0.879453 0.081255 0.156764
0 0.499571 0.393782 0.037503 0.087624
0 0.130167 0.557324 0.052442 0.100576
0 0.317892 0.426171 0.055857 0.152552
0 0.548729 0.276217 0.046275 0.152044
0 0.594715 0.497411 0.061976 0.342654
0 0.199165 0.953927 0.074328 0.092147
0 0.291850 0.349801 0.027298 0.083171
