0 0.303295 0.421836 0.051285 0.136027
0 0.466688 0.364964 0.038371 0.087654
0 0.069527 0.538743 0.041747 0.118910
0 0.542404 0.397049 0.036373 0.119184
0 0.735618 0.537258 0.088036 0.155157
0 0.792389 0.482502 0.084709 0.142942
0 0.775210 0.394860 0.067220 0.175622
0 0.502628 0.388516 0.036500 0.096148
0 0.896891 0.608086 0.079586 0.273591
0 0.190998 0.963602 0.078910 0.072797
0 0.444200 0.516815 0.078118 0.194484
0 0.824964 0.754323 0.086380 0.215850
0 0.432809 0.332779 0.036017 0.089906
0 0.668927 0.576593 0.075008 0.146260
0 0.576530 0.504154 0.078426 0.258389
0 0.388914 0.477474 0.047174 0.160584
0 0.123754 0.574638 0.053320 0.119046
0 0.600830 0.293652 0.043541 0.109325
0 0.060354 0.482378 0.041686 0.127551
0 0.574444 0.276498 0.031408 0.103324
0 0.162099 0.904198 0.082446 0.132148
0 0.577371 0.444332 0.072490 0.137653
0 0.549854 0.276345 0.032563 0.129095
