0 0.780624 0.487670 0.072371 0.164855
0 0.598283 0.288733 0.044035 0.120340
0 0.618587 0.606369 0.081474 0.204590
0 0.072019 0.527738 0.053438 0.134168
0 0.713796 0.542685 0.065301 0.161079
0 0.307945 0.416516 0.036384 0.130601
0 0.589949 0.437675 0.064176 0.158416
0 0.539205 0.401381 0.055510 0.121230
0 0.133765 0.642627 0.068534 0.238458
0 0.889719 0.634154 0.079578 0.274562
0 0.474174 0.352767 0.044559 0.077619
0 0.437414 0.325675 0.039439 0.080386
0 0.387956 0.489497 0.050483 0.180055
0 0.039884 0.514667 0.037121 0.148380
0 0.224193 0.926293 0.087081 0.147414
0 0.549775 0.259237 0.028333 0.118416
0 0.437975 0.517840 0.084666 0.373969
0 0.150396 0.863369 0.089033 0.227023
