0 0.707070 0.542796 0.065029 0.172615
0 0.436817 0.327451 0.047537 0.097660
0 0.472591 0.357781 0.045967 0.096786
0 0.441600 0.514856 0.069287 0.198992
0 0.538886 0.401704 0.046132 0.129161
0 0.501313 0.388051 0.037581 0.096337
0 0.775658 0.500272 0.068612 0.160841
0 0.070387 0.537787 0.044856 0.118796
0 0.614330 0.600090 0.072203 0.222477
0 0.308264 0.419245 0.041967 0.125696
0 0.375934 0.477751 0.040243 0.160175
0 0.143086 0.591770 0.077082 0.176976
0 0.889317 0.638568 0.088209 0.266167
0 0.167648 0.908359 0.097722 0.168728
0 0.684201 0.420681 0.096116 0.262741
0 0.589421 0.477019 0.062541 0.263001
0 0.166873 0.951704 0.056310 0.096593
0 0.549423 0.276136 0.051675 0.149663
0 0.054707 0.488962 0.037038 0.111690
0 0.831324 0.828727 0.129394 0.331670
0 0.058700 0.515972 0.050813 0.166349
