0 0.472809 0.353849 0.044153 0.087063
0 0.596913 0.289762 0.041396 0.114224
0 0.437855 0.328813 0.039794 0.079516
0 0.181109 0.890712 0.073968 0.192472
0 0.383883 0.479694 0.047150 0.158303
0 0.634103 0.591123 0.085954 0.215397
0 0.552518 0.404940 0.048770 0.121511
0 0.594779 0.448562 0.060875 0.171664
0 0.429386 0.514260 0.080067 0.192555
0 0.718354 0.536015 0.061430 0.175317
0 0.771025 0.500296 0.078580 0.148730
0 0.852392 0.407668 0.066537 0.227568
0 0.308036 0.411959 0.039447 0.135524
0 0.875426 0.633942 0.079331 0.263191
0 0.825953 0.388396 0.052087 0.257810
0 0.539568 0.267513 0.028025 0.123495
0 0.218828 0.941643 0.101077 0.116714
0 0.059738 0.544244 0.050853 0.111520
0 0.120582 0.595391 0.051692 0.176629
0 0.820336 0.826059 0.109600 0.301850
0 0.050067 0.485962 0.047154 0.096931
0 0.565732 0.279751 0.030938 0.104967
