0 0.780512 0.493311 0.107378 0.176116
0 0.316068 0.413122 0.052034 0.122732
0 0.473676 0.359652 0.037313 0.087886
0 0.378148 0.477590 0.043532 0.163349
0 0.689889 0.547533 0.065367 0.172189
0 0.621533 0.597268 0.076771 0.220251
0 0.426918 0.506185 0.070825 0.182962
0 0.349548 0.322531 0.048533 0.098619
0 0.911361 0.608872 0.077387 0.267122
0 0.621723 0.294097 0.040393 0.108257
0 0.068623 0.537441 0.040213 0.119940
0 0.548862 0.279274 0.050633 0.146961
0 0.497546 0.385918 0.041857 0.101326
0 0.422051 0.329441 0.040859 0.080161
0 0.569066 0.446762 0.063965 0.094050
0 0.827439 0.827017 0.121835 0.345967
0 0.132414 0.570776 0.070875 0.131154
0 0.057586 0.517763 0.053206 0.167496
0 0.138758 0.614998 0.087330 0.223730
0 0.554768 0.383727 0.037348 0.097990
