0 0.619767 0.598932 0.089088 0.211907
0 0.787432 0.490004 0.091121 0.176306
0 0.346738 0.323732 0.044960 0.103686
0 0.703769 0.550961 0.072681 0.163178
0 0.472614 0.361015 0.037823 0.093841
0 0.316601 0.414219 0.051579 0.118386
0 0.859163 0.658144 0.119484 0.223342
0 0.379906 0.481475 0.043872 0.155635
0 0.424880 0.507210 0.072595 0.178930
0 0.505843 0.384438 0.031538 0.098506
0 0.844021 0.761586 0.086655 0.213324
0 0.542795 0.391123 0.050572 0.105436
0 0.548021 0.276973 0.049017 0.141608
0 0.624935 0.292346 0.041040 0.097515
0 0.421193 0.328468 0.042022 0.082199
0 0.569987 0.437089 0.063154 0.112317
0 0.069465 0.537542 0.046297 0.119528
0 0.038268 0.521537 0.033908 0.163085
0 0.144025 0.613810 0.091617 0.227680
0 0.583472 0.281348 0.039109 0.108376
