0 0.703978 0.542667 0.057646 0.168970
0 0.434672 0.329493 0.039732 0.085417
0 0.779272 0.509388 0.066615 0.127235
0 0.439474 0.519342 0.076176 0.198344
0 0.634289 0.591758 0.088733 0.211811
0 0.387453 0.480374 0.050752 0.158516
0 0.552944 0.405096 0.049019 0.122903
0 0.597503 0.288392 0.040230 0.117683
0 0.183114 0.880182 0.073950 0.178724
0 0.880523 0.411424 0.062248 0.231555
0 0.843822 0.398986 0.049061 0.233122
0 0.306160 0.417541 0.039875 0.140892
0 0.119572 0.622793 0.057981 0.203513
0 0.880530 0.631149 0.083369 0.265525
0 0.594728 0.447912 0.060848 0.173682
0 0.477369 0.360543 0.032785 0.063669
0 0.545613 0.269068 0.037371 0.126526
0 0.577250 0.268909 0.028330 0.081467
0 0.825103 0.823467 0.122663 0.336758
0 0.056865 0.549005 0.051595 0.113697
0 0.221653 0.947975 0.084685 0.104051
