0 0.772681 0.480067 0.055592 0.142428
0 0.547817 0.390239 0.051250 0.127716
0 0.068525 0.538675 0.044562 0.118908
0 0.726253 0.554628 0.079503 0.146537
0 0.618623 0.289534 0.042813 0.117728
0 0.909117 0.626592 0.072272 0.258972
0 0.504011 0.388926 0.038116 0.097300
0 0.421243 0.508254 0.072610 0.166431
0 0.352649 0.322415 0.049597 0.098440
0 0.431762 0.332767 0.036901 0.061473
0 0.382221 0.466406 0.041767 0.170483
0 0.186801 0.962305 0.082029 0.075389
0 0.173782 0.918219 0.097751 0.154520
0 0.581267 0.279744 0.038654 0.103451
0 0.819409 0.727269 0.105423 0.206910
0 0.550611 0.269331 0.037367 0.132705
0 0.046636 0.489459 0.029087 0.132709
0 0.329390 0.417422 0.042543 0.106270
0 0.568330 0.439746 0.064883 0.103979
