0 0.787826 0.491356 0.092973 0.180991
0 0.630994 0.601264 0.096820 0.217917
0 0.698559 0.554455 0.066529 0.183968
0 0.344069 0.326395 0.045221 0.107567
0 0.069245 0.533957 0.044892 0.127490
0 0.315373 0.414494 0.053406 0.120185
0 0.428209 0.510047 0.078822 0.190420
0 0.545144 0.276423 0.044004 0.141607
0 0.472800 0.358391 0.033562 0.087793
0 0.379186 0.475259 0.044672 0.164298
0 0.500021 0.381751 0.037745 0.102643
0 0.624644 0.292261 0.040717 0.099606
0 0.540895 0.389869 0.050183 0.111772
0 0.425556 0.329663 0.033063 0.080182
0 0.844144 0.760726 0.083428 0.214869
0 0.569762 0.438635 0.065286 0.109733
0 0.124844 0.584487 0.052015 0.151852
0 0.854504 0.656316 0.103820 0.234038
0 0.054248 0.495074 0.036007 0.124958
0 0.578996 0.283272 0.041835 0.120199
0 0.175739 0.927638 0.101309 0.144725
0 0.889204 0.635690 0.046086 0.169741
