0 0.781820 0.492383 0.069931 0.152813
0 0.616217 0.605680 0.102848 0.214459
0 0.259599 0.925424 0.089631 0.149152
0 0.598698 0.288692 0.042202 0.121498
0 0.134256 0.646253 0.067444 0.222064
0 0.721332 0.543470 0.059078 0.156226
0 0.071787 0.526169 0.053395 0.136674
0 0.547130 0.404993 0.046723 0.122347
0 0.903055 0.501423 0.049922 0.129366
0 0.590056 0.434384 0.063937 0.152464
0 0.313578 0.413169 0.048602 0.133158
0 0.039776 0.517551 0.037150 0.154615
0 0.434802 0.328375 0.040397 0.090732
0 0.392992 0.514106 0.081588 0.316396
0 0.548550 0.259400 0.032028 0.120475
0 0.167042 0.894094 0.092897 0.206217
0 0.577423 0.268438 0.028314 0.079585
0 0.493852 0.383377 0.055533 0.106275
0 0.467510 0.352327 0.028374 0.069013
0 0.933918 0.607595 0.078987 0.328930
