0 0.732798 0.541124 0.084581 0.157469
0 0.466494 0.365614 0.038589 0.087266
0 0.303003 0.417513 0.056401 0.126514
0 0.598545 0.289056 0.041555 0.116288
0 0.069596 0.539326 0.041260 0.117752
0 0.788103 0.492284 0.089794 0.130649
0 0.432845 0.333341 0.036302 0.089629
0 0.897828 0.618732 0.070332 0.273427
0 0.666020 0.576613 0.071138 0.145754
0 0.501970 0.387053 0.035621 0.093420
0 0.824554 0.753706 0.086331 0.214575
0 0.540441 0.398537 0.034627 0.119001
0 0.123609 0.574282 0.052817 0.120377
0 0.190747 0.964176 0.081055 0.071649
0 0.549035 0.260828 0.029716 0.112325
0 0.563430 0.517152 0.079631 0.398315
0 0.060965 0.483596 0.043802 0.128521
0 0.386294 0.480771 0.055290 0.160947
0 0.430734 0.529124 0.087053 0.196410
0 0.575220 0.270261 0.029132 0.088437
