0 0.417068 0.502531 0.071082 0.172123
0 0.873219 0.449832 0.043354 0.180775
0 0.347694 0.323715 0.047221 0.104319
0 0.900342 0.622841 0.077533 0.270579
0 0.475540 0.355989 0.042328 0.099892
0 0.718016 0.544670 0.062678 0.163201
0 0.819185 0.818110 0.115421 0.335218
0 0.181232 0.926504 0.095071 0.146992
0 0.501639 0.392269 0.046065 0.095353
0 0.617414 0.288585 0.044521 0.119189
0 0.769078 0.480300 0.064240 0.136234
0 0.314850 0.412981 0.050840 0.121109
0 0.375642 0.466831 0.041377 0.138645
0 0.571621 0.382745 0.038011 0.104522
0 0.434651 0.337219 0.047179 0.078150
0 0.552919 0.275525 0.036733 0.124302
0 0.580524 0.281668 0.036879 0.107802
0 0.070253 0.532970 0.044921 0.128787
0 0.059050 0.516365 0.056706 0.168889
0 0.570396 0.448256 0.060338 0.088154
0 0.128495 0.562533 0.054375 0.105710
