0 0.787618 0.490343 0.092862 0.178352
0 0.627688 0.598817 0.099924 0.224238
0 0.315416 0.413638 0.052202 0.122045
0 0.693829 0.546633 0.076981 0.184000
0 0.432665 0.511709 0.088746 0.190768
0 0.424626 0.329311 0.035586 0.079791
0 0.380049 0.480282 0.042399 0.156755
0 0.349396 0.324507 0.049564 0.096829
0 0.068127 0.534287 0.045589 0.125620
0 0.625124 0.291843 0.040309 0.097806
0 0.572917 0.278249 0.037382 0.113023
0 0.567641 0.445228 0.061746 0.096556
0 0.505156 0.387103 0.032202 0.097919
0 0.469270 0.353585 0.029645 0.083671
0 0.143266 0.589924 0.072387 0.179155
0 0.546614 0.277246 0.047083 0.143326
0 0.845052 0.751245 0.085655 0.235433
0 0.054532 0.489527 0.034795 0.115153
0 0.860238 0.643028 0.115725 0.271515
0 0.175389 0.925077 0.104408 0.149846
0 0.552100 0.383691 0.048210 0.102387
