0 0.646410 0.591519 0.075596 0.189062
0 0.764029 0.501375 0.059936 0.150331
0 0.712982 0.539692 0.065946 0.170001
0 0.596440 0.287923 0.042613 0.118098
0 0.469178 0.364903 0.032695 0.078666
0 0.240933 0.924412 0.138196 0.151176
0 0.429175 0.511944 0.076083 0.187058
0 0.167195 0.915092 0.088506 0.169386
0 0.883282 0.639486 0.082954 0.260998
0 0.434168 0.329326 0.036933 0.080658
0 0.549037 0.404133 0.050438 0.123565
0 0.373367 0.479634 0.051492 0.162770
0 0.518411 0.381629 0.035727 0.101463
0 0.310127 0.408559 0.034746 0.138966
0 0.591673 0.497095 0.067177 0.280334
0 0.065353 0.487056 0.037702 0.123738
0 0.053397 0.544739 0.050382 0.117191
0 0.838290 0.754727 0.079640 0.208289
0 0.828102 0.812939 0.106811 0.325474
0 0.132961 0.603897 0.076031 0.184114
