0 0.781256 0.485550 0.070915 0.156678
0 0.722102 0.535411 0.059709 0.172503
0 0.597373 0.288051 0.042682 0.121534
0 0.435894 0.332396 0.040770 0.096231
0 0.622362 0.604203 0.086046 0.207582
0 0.072408 0.528595 0.053871 0.133287
0 0.134249 0.643267 0.068763 0.229004
0 0.589843 0.434968 0.063695 0.153722
0 0.540983 0.404292 0.052245 0.119315
0 0.307651 0.414762 0.034904 0.134424
0 0.950537 0.559468 0.062937 0.230365
0 0.505178 0.382911 0.027842 0.091227
0 0.225018 0.935986 0.089212 0.128029
0 0.040284 0.510360 0.036129 0.143551
0 0.481855 0.363932 0.028766 0.089208
0 0.160119 0.850978 0.082070 0.183275
0 0.549063 0.260053 0.032513 0.122857
0 0.396442 0.513289 0.101840 0.329181
0 0.912082 0.685767 0.092997 0.251672
0 0.468964 0.349711 0.024537 0.063899
