0 0.469793 0.360682 0.043616 0.093503
0 0.729749 0.538582 0.083041 0.160770
0 0.598103 0.288115 0.041777 0.117022
0 0.303081 0.417875 0.056843 0.130092
0 0.788545 0.487973 0.087688 0.147164
0 0.542059 0.400097 0.038595 0.118484
0 0.641135 0.578462 0.059561 0.154423
0 0.435568 0.325794 0.044338 0.075794
0 0.123752 0.579372 0.053158 0.138429
0 0.503989 0.387879 0.034247 0.095761
0 0.740744 0.400827 0.060794 0.177793
0 0.890732 0.629439 0.096782 0.274148
0 0.073142 0.539114 0.048891 0.117671
0 0.577198 0.504681 0.077336 0.254685
0 0.380446 0.453417 0.042073 0.132636
0 0.055745 0.494453 0.037303 0.125960
0 0.549044 0.274267 0.051021 0.145152
0 0.191656 0.960639 0.086052 0.078723
0 0.430800 0.534005 0.077715 0.241087
0 0.163130 0.912662 0.084663 0.149537
0 0.579196 0.447365 0.069627 0.140496
0 0.818011 0.821540 0.094143 0.331831
