0 0.774501 0.495015 0.063765 0.115164
0 0.540787 0.393045 0.044271 0.108254
0 0.718878 0.548972 0.059427 0.154765
0 0.419077 0.504532 0.073126 0.176339
0 0.618389 0.287227 0.043609 0.114880
0 0.462863 0.366546 0.041523 0.085123
0 0.066472 0.528293 0.050321 0.144794
0 0.352971 0.321375 0.049874 0.096813
0 0.430663 0.322762 0.039266 0.081245
0 0.502051 0.388495 0.042979 0.093594
0 0.906049 0.633549 0.065948 0.241257
0 0.581500 0.279473 0.039356 0.102495
0 0.380675 0.482515 0.045240 0.159377
0 0.551590 0.276612 0.039835 0.147011
0 0.317363 0.420870 0.045475 0.130820
0 0.188079 0.963099 0.082277 0.073801
0 0.172676 0.915444 0.090465 0.163871
0 0.130904 0.561777 0.057897 0.108576
0 0.292742 0.464420 0.064449 0.142810
