0 0.780502 0.492972 0.106843 0.176559
0 0.346066 0.325124 0.045840 0.106404
0 0.690344 0.548375 0.064478 0.169549
0 0.316272 0.414399 0.051780 0.119084
0 0.069486 0.535348 0.039839 0.123938
0 0.426694 0.506391 0.072143 0.183529
0 0.381407 0.477708 0.045910 0.158814
0 0.625073 0.596973 0.081770 0.213931
0 0.474218 0.359594 0.038147 0.087168
0 0.897404 0.639225 0.071583 0.267770
0 0.621552 0.292238 0.039567 0.103582
0 0.497705 0.385971 0.040723 0.100640
0 0.548264 0.276568 0.049914 0.142898
0 0.421869 0.329637 0.041793 0.080596
0 0.569944 0.436459 0.065367 0.113622
0 0.556999 0.384023 0.030844 0.093159
0 0.844118 0.763434 0.083923 0.212982
0 0.049625 0.488280 0.030082 0.110454
0 0.139596 0.613972 0.088315 0.225049
0 0.133031 0.566960 0.070469 0.128415
0 0.582772 0.280594 0.038252 0.105958
