0 0.633666 0.588316 0.078051 0.213917
0 0.553867 0.400969 0.048401 0.126925
0 0.430558 0.514364 0.076413 0.189492
0 0.470704 0.360620 0.033038 0.072795
0 0.051000 0.521247 0.055553 0.166633
0 0.867350 0.447461 0.067558 0.181275
0 0.886310 0.629129 0.093137 0.250207
0 0.434156 0.329431 0.038662 0.087368
0 0.385213 0.476520 0.042108 0.155982
0 0.305098 0.415789 0.038519 0.131300
0 0.920021 0.476652 0.049886 0.180700
0 0.861844 0.362512 0.046011 0.148799
0 0.592006 0.445040 0.066161 0.176704
0 0.900891 0.369018 0.034601 0.142120
0 0.160697 0.921304 0.086785 0.157391
0 0.576658 0.274761 0.028388 0.093021
0 0.538808 0.269650 0.032857 0.126076
0 0.604051 0.297486 0.049257 0.111332
0 0.113558 0.604490 0.049164 0.148290
0 0.823766 0.745032 0.109914 0.206972
