0 0.719686 0.538730 0.061863 0.163171
0 0.865571 0.411041 0.052949 0.245973
0 0.791439 0.486578 0.086928 0.172507
0 0.469945 0.361367 0.033640 0.074696
0 0.650743 0.592947 0.077342 0.180893
0 0.304336 0.415369 0.042187 0.137821
0 0.820487 0.380261 0.055487 0.247551
0 0.601282 0.288325 0.047074 0.119445
0 0.068452 0.538281 0.042713 0.117973
0 0.384075 0.474944 0.046486 0.158083
0 0.434076 0.514780 0.070328 0.190649
0 0.556720 0.396979 0.044759 0.122504
0 0.887824 0.635830 0.096329 0.253039
0 0.435272 0.331681 0.036466 0.078006
0 0.160811 0.911962 0.078668 0.163490
0 0.210560 0.934203 0.096331 0.131595
0 0.502855 0.395248 0.039610 0.083913
0 0.589025 0.498841 0.072011 0.282344
0 0.824736 0.753892 0.101886 0.206955
0 0.118314 0.595864 0.046806 0.150876
0 0.040466 0.521233 0.035480 0.160308
0 0.575777 0.277813 0.027189 0.096437
