0 0.709902 0.546051 0.063544 0.157190
0 0.777443 0.489906 0.074837 0.164296
0 0.474777 0.354238 0.047699 0.101361
0 0.505907 0.386887 0.035864 0.098881
0 0.612885 0.284792 0.046908 0.113066
0 0.415638 0.504980 0.074652 0.171639
0 0.315633 0.412858 0.051212 0.120924
0 0.434886 0.331910 0.037826 0.080412
0 0.350716 0.323451 0.048319 0.099047
0 0.066427 0.538014 0.046676 0.120946
0 0.173158 0.913965 0.092497 0.165477
0 0.553089 0.385208 0.043590 0.109152
0 0.178361 0.958765 0.096567 0.082471
0 0.548542 0.258078 0.037186 0.112189
0 0.857368 0.637002 0.099627 0.227169
0 0.374925 0.474163 0.040744 0.146898
0 0.579321 0.270248 0.030994 0.083547
0 0.820081 0.739114 0.109589 0.147381
0 0.053246 0.486397 0.029445 0.108365
0 0.569723 0.444895 0.067035 0.097039
