0 0.069352 0.532860 0.044805 0.128575
0 0.786171 0.488349 0.090664 0.176517
0 0.470497 0.358923 0.039164 0.090553
0 0.418398 0.503019 0.073499 0.172721
0 0.692112 0.556767 0.081029 0.187639
0 0.342408 0.326587 0.046147 0.102763
0 0.315522 0.412992 0.052469 0.122781
0 0.919329 0.597819 0.072601 0.263672
0 0.547067 0.277963 0.048101 0.143661
0 0.376141 0.479330 0.040525 0.156435
0 0.624990 0.291383 0.040081 0.096170
0 0.180454 0.924187 0.084707 0.151625
0 0.495596 0.380041 0.041046 0.081288
0 0.841022 0.756428 0.081288 0.209550
0 0.052352 0.495327 0.031836 0.126569
0 0.578525 0.434014 0.052281 0.113407
0 0.582187 0.281892 0.040060 0.108155
0 0.533436 0.555014 0.083675 0.395910
0 0.429255 0.340286 0.039292 0.063644
0 0.186260 0.962125 0.088449 0.075750
0 0.382378 0.443497 0.025546 0.085002
