0 0.722310 0.561273 0.075415 0.136149
0 0.614082 0.289280 0.044343 0.110997
0 0.898445 0.474108 0.057707 0.168627
0 0.539587 0.399674 0.045328 0.132570
0 0.465582 0.356013 0.036395 0.094440
0 0.067745 0.541125 0.043002 0.119695
0 0.591277 0.484160 0.068180 0.266820
0 0.348958 0.322565 0.050828 0.108979
0 0.432222 0.328784 0.036298 0.099755
0 0.297289 0.299438 0.044725 0.175189
0 0.818228 0.816424 0.118279 0.345416
0 0.420910 0.502744 0.069892 0.182123
0 0.580008 0.279909 0.036197 0.103556
0 0.494972 0.384664 0.043293 0.106396
0 0.271910 0.351134 0.035632 0.091651
0 0.552353 0.276526 0.038344 0.145150
0 0.317620 0.426042 0.055717 0.151041
0 0.782379 0.512459 0.071709 0.087104
