0 0.703982 0.543951 0.060935 0.167965
0 0.636622 0.593646 0.089224 0.213736
0 0.435281 0.329367 0.039091 0.084473
0 0.439280 0.519066 0.076862 0.198231
0 0.387745 0.481509 0.048595 0.159723
0 0.597904 0.288909 0.041720 0.116654
0 0.880336 0.413256 0.060381 0.234769
0 0.534270 0.407280 0.058992 0.124267
0 0.182937 0.878454 0.072529 0.185972
0 0.306662 0.417704 0.037544 0.128438
0 0.876873 0.629109 0.089234 0.259631
0 0.842502 0.397474 0.047045 0.233822
0 0.119448 0.622544 0.058322 0.204839
0 0.776176 0.497318 0.077764 0.154880
0 0.477141 0.360947 0.033390 0.066220
0 0.595618 0.448233 0.059629 0.175004
0 0.547017 0.269068 0.040815 0.127460
0 0.831091 0.818747 0.118535 0.334396
0 0.756737 0.500035 0.038867 0.147420
0 0.221931 0.948172 0.084806 0.103656
0 0.033958 0.490412 0.026180 0.105545
