0 0.538531 0.393428 0.046717 0.114688
0 0.067425 0.541486 0.044696 0.120959
0 0.435234 0.326661 0.042050 0.082463
0 0.891975 0.478493 0.056454 0.160647
0 0.469590 0.362033 0.045902 0.089078
0 0.505167 0.390011 0.036599 0.096104
0 0.418538 0.502443 0.071100 0.177661
0 0.727549 0.548554 0.074625 0.153721
0 0.352114 0.318041 0.046122 0.100764
0 0.610872 0.288661 0.050617 0.114416
0 0.784442 0.503378 0.058623 0.090459
0 0.853672 0.701311 0.093309 0.245079
0 0.158463 0.379938 0.030057 0.231965
0 0.316007 0.414411 0.051111 0.120681
0 0.577413 0.274029 0.029668 0.096401
0 0.552129 0.275593 0.038367 0.143810
0 0.372655 0.429285 0.046025 0.173175
0 0.122490 0.594392 0.045740 0.157132
0 0.257361 0.423128 0.043478 0.155591
