0 0.791545 0.481601 0.081268 0.145723
0 0.722453 0.555407 0.078015 0.146377
0 0.896307 0.494493 0.060230 0.151762
0 0.069148 0.538584 0.044736 0.122907
0 0.417836 0.504469 0.077569 0.182180
0 0.539835 0.398578 0.045980 0.131774
0 0.434387 0.326533 0.040431 0.062461
0 0.353395 0.316131 0.046405 0.098811
0 0.466282 0.363111 0.036563 0.083158
0 0.180035 0.879047 0.083543 0.154487
0 0.816481 0.812382 0.114210 0.349556
0 0.591764 0.420357 0.058812 0.150952
0 0.129059 0.556262 0.052120 0.101975
0 0.580059 0.287943 0.036510 0.122995
0 0.613626 0.316216 0.047085 0.194660
0 0.313861 0.420588 0.065115 0.162623
0 0.549265 0.275209 0.044336 0.150637
0 0.198759 0.955009 0.074479 0.089983
0 0.292670 0.353541 0.032313 0.077750
0 0.591376 0.485230 0.064435 0.275981
