0 0.637756 0.597917 0.086579 0.203279
0 0.591468 0.446627 0.068571 0.179056
0 0.473377 0.353173 0.047429 0.084786
0 0.385128 0.481542 0.046844 0.162387
0 0.781255 0.431199 0.057007 0.211573
0 0.431278 0.514272 0.077267 0.193754
0 0.894703 0.421478 0.051412 0.256343
0 0.305824 0.417481 0.039832 0.137546
0 0.850399 0.445235 0.045599 0.161227
0 0.877598 0.641100 0.075247 0.257981
0 0.535810 0.407634 0.053906 0.114604
0 0.435776 0.327706 0.047971 0.076533
0 0.852182 0.362317 0.038711 0.146125
0 0.821223 0.815812 0.124500 0.345421
0 0.171482 0.870361 0.087701 0.183827
0 0.612267 0.322653 0.058894 0.157027
0 0.051039 0.521782 0.053805 0.164315
0 0.540163 0.268320 0.027713 0.127330
0 0.573099 0.278281 0.034588 0.100028
0 0.211078 0.931091 0.105516 0.137817
0 0.134636 0.599204 0.074270 0.170396
