0 0.725500 0.544536 0.067659 0.159623
0 0.417997 0.502387 0.072048 0.171287
0 0.177757 0.924777 0.100155 0.150446
0 0.349520 0.323085 0.046185 0.097797
0 0.476810 0.352224 0.040881 0.091970
0 0.773296 0.492307 0.062473 0.142865
0 0.616610 0.287930 0.044846 0.119970
0 0.315890 0.413775 0.049255 0.120532
0 0.819407 0.817670 0.115260 0.335249
0 0.499496 0.389589 0.050775 0.100173
0 0.580289 0.281994 0.037259 0.110990
0 0.436147 0.334676 0.042840 0.075838
0 0.376255 0.470161 0.042119 0.145641
0 0.901575 0.612021 0.090096 0.284033
0 0.572485 0.382151 0.037977 0.103743
0 0.060505 0.516388 0.054698 0.166880
0 0.129963 0.561149 0.055044 0.106748
0 0.571795 0.449000 0.061662 0.088573
0 0.546956 0.273653 0.046783 0.138198
0 0.907844 0.504655 0.059707 0.114423
