0 0.720672 0.536344 0.060419 0.158801
0 0.865696 0.409037 0.052164 0.250142
0 0.791537 0.486583 0.086535 0.172049
0 0.650410 0.592931 0.077215 0.181680
0 0.555189 0.399433 0.046349 0.121536
0 0.304348 0.415078 0.042086 0.137518
0 0.469228 0.364585 0.032040 0.080771
0 0.069945 0.535341 0.041514 0.124216
0 0.435632 0.515751 0.068352 0.191006
0 0.601355 0.289177 0.045981 0.120563
0 0.384289 0.474787 0.046619 0.157887
0 0.890140 0.637774 0.100776 0.257585
0 0.435150 0.331302 0.036736 0.077127
0 0.818051 0.380467 0.058939 0.244620
0 0.588729 0.499396 0.072202 0.279797
0 0.503144 0.395037 0.042039 0.085566
0 0.218745 0.936570 0.084513 0.126859
0 0.162955 0.912320 0.084827 0.170630
0 0.041229 0.519427 0.036151 0.164486
0 0.115243 0.599508 0.047910 0.151211
0 0.823928 0.746563 0.102950 0.189002
0 0.575999 0.275352 0.027674 0.094637
