0 0.714669 0.540534 0.069565 0.170489
0 0.790130 0.490925 0.085476 0.163807
0 0.554388 0.394412 0.048400 0.130120
0 0.631200 0.594138 0.077493 0.211778
0 0.597678 0.287257 0.043210 0.120462
0 0.235238 0.936135 0.084119 0.127731
0 0.312234 0.412501 0.045296 0.140261
0 0.837123 0.405277 0.065762 0.232248
0 0.479342 0.354932 0.031434 0.069602
0 0.909087 0.613951 0.079909 0.273150
0 0.398523 0.493517 0.069050 0.192588
0 0.434743 0.332295 0.044477 0.079312
0 0.181067 0.886205 0.073037 0.185547
0 0.197427 0.440998 0.046914 0.232906
0 0.050847 0.521346 0.059904 0.166817
0 0.548532 0.258856 0.027126 0.118525
0 0.811508 0.368885 0.053701 0.217556
0 0.591634 0.447223 0.063067 0.175044
0 0.121916 0.606441 0.060587 0.216914
0 0.822592 0.338847 0.034325 0.106658
0 0.065301 0.538362 0.042292 0.120690
