0 0.771437 0.492656 0.054655 0.114585
0 0.726208 0.550752 0.080209 0.153618
0 0.503691 0.387109 0.042183 0.098196
0 0.347838 0.323766 0.046823 0.103569
0 0.421268 0.504435 0.073045 0.175569
0 0.550214 0.391480 0.052740 0.127814
0 0.615713 0.288631 0.037521 0.117855
0 0.315822 0.414686 0.052409 0.118162
0 0.060717 0.516172 0.059071 0.169296
0 0.638420 0.437083 0.067807 0.304769
0 0.552908 0.269931 0.040978 0.133632
0 0.378459 0.477988 0.042078 0.157963
0 0.188322 0.960692 0.082798 0.078616
0 0.174016 0.919231 0.095459 0.158567
0 0.889063 0.646105 0.056039 0.240690
0 0.432499 0.335718 0.037589 0.055278
0 0.582765 0.281425 0.041024 0.098693
0 0.826134 0.736822 0.119867 0.156587
0 0.127167 0.565071 0.055314 0.112955
0 0.570304 0.444596 0.066864 0.092342
