0 0.722810 0.557179 0.077679 0.144189
0 0.614235 0.289838 0.044140 0.111675
0 0.781299 0.496336 0.070419 0.119115
0 0.897867 0.476011 0.061223 0.168881
0 0.417639 0.504191 0.077781 0.184470
0 0.538755 0.400064 0.046947 0.133714
0 0.352589 0.318222 0.047226 0.102798
0 0.468171 0.350676 0.036336 0.096379
0 0.590275 0.488680 0.065752 0.262225
0 0.434522 0.323275 0.044749 0.089695
0 0.258985 0.411150 0.054389 0.164059
0 0.069489 0.540562 0.046943 0.122693
0 0.515407 0.274078 0.042314 0.164854
0 0.817037 0.812235 0.114382 0.344266
0 0.580690 0.279433 0.037235 0.104421
0 0.494962 0.393430 0.039935 0.090057
0 0.319245 0.425007 0.056693 0.152113
0 0.130568 0.558360 0.051142 0.103034
0 0.279134 0.368546 0.033398 0.109419
0 0.551381 0.277058 0.039958 0.147153
0 0.591358 0.430825 0.060723 0.140280
