0 0.723059 0.557021 0.077454 0.143087
0 0.417054 0.503886 0.078049 0.184142
0 0.614339 0.290263 0.043041 0.111693
0 0.068912 0.541015 0.044757 0.123975
0 0.250369 0.417449 0.055747 0.170520
0 0.540238 0.400349 0.045625 0.132138
0 0.899372 0.478592 0.057671 0.163670
0 0.781681 0.501239 0.068317 0.107889
0 0.351533 0.321276 0.044818 0.107711
0 0.590062 0.486204 0.064472 0.264909
0 0.469234 0.356275 0.027475 0.101467
0 0.816890 0.811795 0.115489 0.343899
0 0.495678 0.394989 0.041591 0.086421
0 0.579994 0.278881 0.036448 0.102881
0 0.435164 0.325026 0.045858 0.090593
0 0.319497 0.425449 0.057614 0.151398
0 0.551457 0.276397 0.040232 0.146075
0 0.280422 0.346183 0.039822 0.159813
0 0.460848 0.264513 0.024741 0.168612
0 0.128157 0.564882 0.051661 0.110276
