0 0.440880 0.518148 0.073714 0.194258
0 0.722538 0.555999 0.070255 0.140768
0 0.541250 0.393000 0.045355 0.122438
0 0.503437 0.386618 0.033076 0.096110
0 0.779308 0.492659 0.063407 0.144479
0 0.313136 0.415162 0.045797 0.121131
0 0.433878 0.322771 0.036772 0.082150
0 0.632410 0.461445 0.080048 0.240163
0 0.908956 0.618029 0.067133 0.247218
0 0.633232 0.578839 0.063737 0.172727
0 0.184558 0.962129 0.072566 0.075741
0 0.467212 0.367063 0.040739 0.085720
0 0.169000 0.903116 0.095370 0.155876
0 0.381340 0.475247 0.051630 0.154403
0 0.143974 0.599137 0.073284 0.180455
0 0.060278 0.516498 0.051682 0.164906
0 0.548178 0.273607 0.049328 0.146274
0 0.605297 0.296113 0.043576 0.110270
0 0.827598 0.825873 0.124056 0.328965
0 0.576857 0.275941 0.030255 0.094771
