0 0.726499 0.549256 0.080364 0.157820
0 0.068929 0.539180 0.043234 0.116736
0 0.549234 0.392020 0.049915 0.125866
0 0.618009 0.286296 0.044281 0.117238
0 0.775856 0.501432 0.063332 0.091659
0 0.422326 0.503279 0.073648 0.175740
0 0.910332 0.614683 0.061390 0.268262
0 0.316138 0.414596 0.052341 0.121256
0 0.505166 0.386855 0.037391 0.095487
0 0.349184 0.324835 0.047252 0.107768
0 0.385983 0.465593 0.043071 0.166463
0 0.627191 0.581807 0.050092 0.185811
0 0.553116 0.269550 0.041813 0.134714
0 0.189258 0.960244 0.082507 0.079512
0 0.173875 0.920887 0.095939 0.155987
0 0.826075 0.734607 0.116876 0.136075
0 0.582270 0.280393 0.039710 0.099228
0 0.454376 0.359628 0.062218 0.098569
0 0.569370 0.447141 0.065623 0.089632
0 0.047454 0.494788 0.029279 0.121519
0 0.060283 0.517383 0.058127 0.167481
