0 0.721179 0.534809 0.072885 0.145220
0 0.790692 0.485448 0.092106 0.155707
0 0.467904 0.366550 0.037311 0.086635
0 0.435132 0.520636 0.083085 0.196606
0 0.883968 0.630612 0.085549 0.268894
0 0.671288 0.474385 0.081934 0.211486
0 0.304192 0.421572 0.055665 0.136069
0 0.542123 0.397180 0.038248 0.121768
0 0.067862 0.539691 0.041407 0.116591
0 0.434194 0.328072 0.034808 0.080363
0 0.824918 0.754509 0.087269 0.209122
0 0.503577 0.388598 0.033361 0.097209
0 0.160370 0.902928 0.081716 0.174630
0 0.187893 0.962837 0.077528 0.074327
0 0.577063 0.503115 0.077668 0.252545
0 0.121816 0.591309 0.056230 0.145186
0 0.551304 0.273924 0.034665 0.143959
0 0.380458 0.480116 0.037680 0.154187
0 0.578887 0.447674 0.068992 0.139705
0 0.657254 0.589327 0.108897 0.200942
