0 0.464136 0.356348 0.040223 0.097142
0 0.303239 0.418160 0.056632 0.129860
0 0.730222 0.539422 0.080254 0.163284
0 0.598743 0.287964 0.041745 0.118104
0 0.788618 0.487011 0.086654 0.143926
0 0.542215 0.399068 0.039364 0.120385
0 0.504149 0.387482 0.033704 0.095900
0 0.189851 0.962669 0.075757 0.074663
0 0.730684 0.410721 0.052969 0.193145
0 0.885289 0.633611 0.084670 0.269061
0 0.123889 0.579968 0.053201 0.139723
0 0.830254 0.756964 0.080372 0.211033
0 0.434481 0.529101 0.078928 0.220042
0 0.577566 0.505559 0.077719 0.257115
0 0.377658 0.452588 0.049500 0.141967
0 0.430458 0.324458 0.034642 0.074258
0 0.633378 0.575205 0.064037 0.161767
0 0.162127 0.913733 0.082911 0.152127
0 0.061084 0.514511 0.049772 0.163409
0 0.549314 0.273504 0.051594 0.146200
0 0.579979 0.449273 0.067428 0.143985
