0 0.630822 0.593590 0.088914 0.218167
0 0.306472 0.407383 0.043825 0.140215
0 0.535475 0.407615 0.054469 0.119065
0 0.423119 0.504617 0.072810 0.176767
0 0.216827 0.932473 0.097094 0.135054
0 0.894012 0.425045 0.051952 0.251710
0 0.434162 0.332924 0.037942 0.088611
0 0.166327 0.919622 0.087916 0.157648
0 0.476467 0.351433 0.039352 0.083325
0 0.851545 0.403449 0.040406 0.227118
0 0.379775 0.472595 0.044354 0.165769
0 0.880538 0.632327 0.080497 0.257337
0 0.801418 0.819676 0.140625 0.347349
0 0.576961 0.277676 0.029055 0.100605
0 0.592168 0.435572 0.066102 0.154887
0 0.607184 0.298063 0.053328 0.112168
0 0.540741 0.270495 0.031749 0.130899
0 0.052608 0.520792 0.057041 0.164807
0 0.120949 0.592827 0.045934 0.161124
