0 0.468745 0.357590 0.037379 0.090873
0 0.436998 0.326344 0.038927 0.089094
0 0.776329 0.499654 0.070610 0.160191
0 0.441650 0.516500 0.075590 0.193396
0 0.543468 0.387648 0.045511 0.112881
0 0.914234 0.614385 0.072191 0.273114
0 0.376426 0.477601 0.041557 0.158648
0 0.621702 0.597523 0.075583 0.221174
0 0.277908 0.379243 0.059299 0.261968
0 0.671547 0.533445 0.060803 0.224498
0 0.314808 0.414663 0.049565 0.123692
0 0.498410 0.387080 0.036504 0.098505
0 0.068010 0.538983 0.042012 0.118750
0 0.569987 0.440677 0.065749 0.103032
0 0.190734 0.961185 0.081830 0.077630
0 0.827438 0.824176 0.120859 0.336952
0 0.549762 0.274955 0.052888 0.144835
0 0.132546 0.574892 0.067666 0.136243
0 0.156508 0.918951 0.074192 0.154380
0 0.055458 0.487922 0.035768 0.111969
