0 0.727976 0.547712 0.080725 0.161843
0 0.547379 0.389720 0.050138 0.128089
0 0.774740 0.501076 0.059686 0.096561
0 0.351099 0.321047 0.047593 0.107031
0 0.422219 0.503435 0.071256 0.175684
0 0.911754 0.615756 0.068311 0.268854
0 0.505372 0.387688 0.036838 0.097194
0 0.617927 0.286329 0.044310 0.118427
0 0.316305 0.413583 0.053207 0.119122
0 0.068882 0.538901 0.043093 0.117147
0 0.385681 0.465234 0.044237 0.166840
0 0.627378 0.581648 0.050653 0.188075
0 0.552957 0.269342 0.042096 0.134951
0 0.189658 0.960848 0.081133 0.078304
0 0.826192 0.732699 0.116971 0.139191
0 0.173446 0.921248 0.095073 0.154919
0 0.582328 0.280868 0.040091 0.098724
0 0.059865 0.515864 0.058832 0.170402
0 0.454452 0.359065 0.062146 0.099191
0 0.569120 0.447565 0.066101 0.089838
