0 0.780246 0.489208 0.072482 0.167176
0 0.706780 0.541109 0.049721 0.161921
0 0.619811 0.606517 0.080914 0.202849
0 0.436009 0.328119 0.039475 0.090470
0 0.598192 0.288576 0.044431 0.120757
0 0.589960 0.439587 0.064522 0.162025
0 0.889521 0.631979 0.078483 0.281174
0 0.309746 0.416634 0.043803 0.136754
0 0.149907 0.857789 0.092355 0.217086
0 0.387260 0.485693 0.048999 0.168693
0 0.550668 0.392711 0.043696 0.134217
0 0.213193 0.931492 0.115383 0.137016
0 0.126797 0.620992 0.065368 0.217120
0 0.049288 0.521826 0.055234 0.166990
0 0.481263 0.358175 0.033559 0.067885
0 0.429189 0.546871 0.076314 0.387205
0 0.552477 0.259558 0.030557 0.117168
0 0.811903 0.881975 0.103768 0.236050
