0 0.780540 0.490864 0.073312 0.159232
0 0.598117 0.289742 0.043793 0.117208
0 0.709578 0.542154 0.057650 0.161255
0 0.619998 0.605302 0.082257 0.205685
0 0.072575 0.527288 0.052901 0.135226
0 0.307895 0.416409 0.036399 0.130890
0 0.889893 0.637012 0.079440 0.272008
0 0.590046 0.437472 0.064104 0.158315
0 0.133710 0.642307 0.068164 0.237385
0 0.540326 0.402945 0.053507 0.122286
0 0.436135 0.331074 0.041413 0.092429
0 0.039907 0.514980 0.036736 0.149067
0 0.433353 0.513383 0.081525 0.357587
0 0.476999 0.353175 0.039480 0.073261
0 0.232172 0.934602 0.082475 0.130797
0 0.549798 0.259466 0.028922 0.119780
0 0.385594 0.484232 0.049429 0.164989
0 0.149644 0.871560 0.091227 0.223000
