0 0.620809 0.601718 0.086979 0.206095
0 0.778477 0.491041 0.107907 0.173745
0 0.701433 0.551971 0.079309 0.165974
0 0.316533 0.414100 0.051687 0.119975
0 0.858257 0.651145 0.109881 0.205017
0 0.473368 0.361011 0.037912 0.089412
0 0.381048 0.481047 0.044944 0.157318
0 0.426629 0.509140 0.071313 0.178289
0 0.541493 0.394196 0.049607 0.112475
0 0.349817 0.321362 0.048864 0.097012
0 0.845340 0.762213 0.084173 0.211392
0 0.503650 0.387771 0.032227 0.096284
0 0.067604 0.532359 0.045403 0.130638
0 0.421743 0.327721 0.041233 0.080365
0 0.581749 0.278066 0.037046 0.102988
0 0.038560 0.527317 0.035157 0.152717
0 0.548342 0.275869 0.050614 0.141769
0 0.145097 0.615321 0.092911 0.231292
0 0.570367 0.441655 0.063961 0.101430
