0 0.787573 0.491189 0.092148 0.179651
0 0.620532 0.598707 0.087213 0.220395
0 0.697848 0.542312 0.067436 0.160752
0 0.347946 0.323920 0.049061 0.099345
0 0.315740 0.413618 0.052323 0.121736
0 0.844603 0.762065 0.085973 0.208645
0 0.380332 0.480627 0.046355 0.156770
0 0.431659 0.515219 0.079838 0.196166
0 0.625093 0.291481 0.041268 0.096810
0 0.423015 0.329347 0.039658 0.081317
0 0.068103 0.534748 0.045048 0.126461
0 0.568604 0.446142 0.064212 0.095331
0 0.547390 0.270965 0.047937 0.131219
0 0.144594 0.614510 0.092830 0.230023
0 0.583099 0.281198 0.039098 0.108217
0 0.559810 0.380512 0.037679 0.105219
0 0.469272 0.346591 0.026631 0.065307
0 0.858308 0.655523 0.115861 0.233888
0 0.054279 0.490183 0.034199 0.117242
0 0.176012 0.926839 0.103768 0.146322
0 0.893288 0.644956 0.045757 0.201585
0 0.485769 0.362383 0.032726 0.072833
