0 0.787296 0.493542 0.091369 0.158242
0 0.469706 0.366214 0.036457 0.082890
0 0.909967 0.610760 0.073630 0.256061
0 0.430735 0.524331 0.075088 0.182115
0 0.717330 0.544460 0.067185 0.159370
0 0.376211 0.480729 0.046947 0.159393
0 0.314058 0.415034 0.046666 0.120323
0 0.505672 0.387076 0.029561 0.097759
0 0.071163 0.539767 0.047322 0.115979
0 0.189136 0.963407 0.079320 0.073185
0 0.701750 0.450832 0.093627 0.311924
0 0.432425 0.333136 0.039810 0.085343
0 0.161400 0.911843 0.084526 0.153154
0 0.544011 0.397800 0.044867 0.126349
0 0.578043 0.503975 0.075919 0.257332
0 0.134536 0.552917 0.053599 0.107050
0 0.549332 0.272911 0.051120 0.139431
0 0.624601 0.553040 0.070995 0.125221
0 0.056743 0.491697 0.037441 0.115494
0 0.578235 0.444913 0.069758 0.142141
0 0.604440 0.314109 0.047771 0.139558
0 0.597794 0.292252 0.034189 0.093245
