0 0.781175 0.491042 0.071403 0.161291
0 0.435975 0.332599 0.039980 0.095260
0 0.718257 0.536822 0.056433 0.175619
0 0.597573 0.289038 0.044082 0.118636
0 0.622472 0.603983 0.082085 0.205973
0 0.134188 0.643524 0.068025 0.227838
0 0.307791 0.414806 0.036418 0.134111
0 0.589948 0.435563 0.064081 0.154515
0 0.540904 0.405182 0.051722 0.118128
0 0.071240 0.527969 0.055535 0.133583
0 0.231107 0.938389 0.076709 0.123222
0 0.394022 0.511086 0.107438 0.335254
0 0.039363 0.512370 0.035745 0.144407
0 0.549244 0.261238 0.033231 0.126740
0 0.929122 0.562405 0.065081 0.319495
0 0.166135 0.884639 0.098213 0.226982
0 0.470138 0.353926 0.029745 0.070557
