0 0.779793 0.500926 0.067391 0.138049
0 0.714184 0.543381 0.068104 0.163641
0 0.470778 0.367565 0.035979 0.084237
0 0.502631 0.382030 0.033358 0.088264
0 0.541972 0.392817 0.058505 0.116215
0 0.433570 0.330245 0.038628 0.089111
0 0.634718 0.460698 0.076622 0.234444
0 0.645787 0.583632 0.064522 0.159772
0 0.432912 0.523383 0.081396 0.185873
0 0.606103 0.295670 0.043207 0.117777
0 0.312035 0.415730 0.045981 0.120113
0 0.187908 0.962665 0.077567 0.074670
0 0.160038 0.905367 0.081424 0.146601
0 0.820216 0.822070 0.107032 0.338042
0 0.914196 0.607285 0.073037 0.251573
0 0.377433 0.477691 0.044571 0.153838
0 0.141831 0.590042 0.075288 0.178844
0 0.069216 0.537103 0.043060 0.118175
0 0.549004 0.271085 0.050639 0.138863
0 0.575171 0.271027 0.032657 0.095965
0 0.051071 0.515890 0.041488 0.169087
