0 0.472653 0.363860 0.035386 0.087349
0 0.753883 0.496895 0.079137 0.193930
0 0.355437 0.322957 0.045358 0.094229
0 0.506143 0.385004 0.030121 0.087610
0 0.380275 0.479135 0.045881 0.155674
0 0.917906 0.601288 0.068326 0.258728
0 0.632089 0.606383 0.096763 0.198870
0 0.621361 0.295240 0.040641 0.109602
0 0.536635 0.394001 0.049056 0.120626
0 0.430162 0.512473 0.079890 0.195273
0 0.071117 0.536948 0.044848 0.120815
0 0.422078 0.327452 0.035892 0.076934
0 0.317412 0.414085 0.045462 0.118797
0 0.549191 0.274786 0.052062 0.148682
0 0.826968 0.827056 0.122191 0.339898
0 0.570080 0.438016 0.067317 0.110861
0 0.054967 0.494499 0.037039 0.126877
0 0.283222 0.325251 0.026686 0.150766
0 0.131594 0.583470 0.067691 0.154429
