0 0.781085 0.490264 0.071198 0.160808
0 0.721069 0.536448 0.057089 0.172739
0 0.621603 0.604563 0.083499 0.206611
0 0.435929 0.332009 0.040177 0.094542
0 0.597711 0.289616 0.044128 0.118912
0 0.072412 0.528570 0.054074 0.133573
0 0.589624 0.435315 0.064036 0.154948
0 0.134031 0.643092 0.068076 0.226891
0 0.541529 0.404760 0.050598 0.118804
0 0.939969 0.480117 0.050469 0.191757
0 0.307440 0.414284 0.035639 0.130977
0 0.040074 0.516691 0.037266 0.154415
0 0.506172 0.388769 0.026472 0.098769
0 0.482495 0.365533 0.030114 0.093608
0 0.229639 0.937897 0.080928 0.124205
0 0.395966 0.513347 0.102981 0.329285
0 0.548063 0.261285 0.035089 0.127192
0 0.160604 0.871208 0.087187 0.201249
0 0.935595 0.619311 0.070996 0.244549
