0 0.788068 0.490236 0.093010 0.177362
0 0.703193 0.543679 0.078350 0.171371
0 0.344510 0.324929 0.046305 0.105984
0 0.472310 0.355736 0.037568 0.097682
0 0.316377 0.412368 0.050369 0.122719
0 0.423991 0.504049 0.071739 0.180054
0 0.379340 0.478143 0.044695 0.161612
0 0.912283 0.604246 0.088610 0.271339
0 0.430720 0.332298 0.038421 0.087115
0 0.497784 0.383699 0.036664 0.081823
0 0.525258 0.400525 0.063963 0.121773
0 0.546889 0.276840 0.047619 0.142296
0 0.177126 0.919582 0.089430 0.154917
0 0.624702 0.289677 0.041076 0.092160
0 0.573846 0.562000 0.073626 0.342408
0 0.060671 0.515602 0.050676 0.165563
0 0.186349 0.959243 0.088380 0.081515
0 0.053581 0.488004 0.032319 0.109299
0 0.841455 0.761754 0.087073 0.214435
0 0.826336 0.826000 0.119872 0.343467
0 0.581783 0.277025 0.048234 0.112054
0 0.130110 0.563029 0.061800 0.109473
