0 0.720319 0.540764 0.084813 0.171842
0 0.468711 0.357890 0.039787 0.096331
0 0.347854 0.322454 0.043200 0.097778
0 0.615027 0.283945 0.043876 0.115196
0 0.420727 0.504479 0.072132 0.172073
0 0.555102 0.387885 0.064392 0.123387
0 0.914341 0.495142 0.048506 0.154735
0 0.315382 0.413265 0.051368 0.120054
0 0.505829 0.387427 0.035122 0.096220
0 0.067911 0.538450 0.048325 0.120380
0 0.377871 0.479655 0.040971 0.155292
0 0.782333 0.508906 0.075583 0.092363
0 0.174871 0.912443 0.087484 0.160799
0 0.188706 0.960078 0.081709 0.079844
0 0.434203 0.328134 0.046337 0.066970
0 0.579968 0.274487 0.033592 0.094307
0 0.549088 0.260259 0.033439 0.115214
0 0.054489 0.486575 0.033044 0.107341
0 0.879562 0.625668 0.065576 0.210341
0 0.569658 0.445097 0.067804 0.097745
0 0.830784 0.663368 0.128658 0.275520
0 0.824706 0.734760 0.114770 0.133536
0 0.128763 0.565306 0.056033 0.112999
