0 0.619796 0.599576 0.085893 0.208600
0 0.346320 0.325991 0.045743 0.110974
0 0.778973 0.493134 0.108728 0.168707
0 0.700803 0.552884 0.080147 0.164084
0 0.068650 0.537804 0.043570 0.121509
0 0.316438 0.414640 0.051616 0.118916
0 0.473572 0.360693 0.039052 0.089614
0 0.379972 0.481002 0.041695 0.156954
0 0.428976 0.506410 0.070763 0.181791
0 0.845948 0.761631 0.083300 0.211438
0 0.541861 0.392704 0.049226 0.109750
0 0.619792 0.290416 0.040742 0.099723
0 0.421748 0.329089 0.042194 0.082652
0 0.548015 0.275985 0.049236 0.139995
0 0.855911 0.654859 0.114470 0.219222
0 0.502797 0.386362 0.039030 0.100031
0 0.570293 0.437761 0.065249 0.111061
0 0.039284 0.524470 0.036721 0.156622
0 0.582107 0.279828 0.038680 0.103871
0 0.139387 0.617437 0.087546 0.229234
0 0.132554 0.567271 0.070184 0.127946
