0 0.787647 0.490997 0.092109 0.178346
0 0.346728 0.324496 0.044928 0.102907
0 0.692019 0.548487 0.076604 0.174568
0 0.620077 0.599974 0.085556 0.216715
0 0.380389 0.480382 0.045146 0.156500
0 0.429777 0.512895 0.080135 0.193604
0 0.315380 0.414004 0.051752 0.121040
0 0.068516 0.535041 0.045706 0.125714
0 0.424041 0.329359 0.035420 0.080255
0 0.624991 0.291729 0.040526 0.098182
0 0.569514 0.435624 0.063941 0.114337
0 0.843553 0.760771 0.082595 0.213106
0 0.548374 0.272272 0.051024 0.133454
0 0.554272 0.382068 0.044682 0.104424
0 0.054960 0.488734 0.035442 0.115767
0 0.857773 0.645192 0.111529 0.258426
0 0.469534 0.353538 0.029548 0.078282
0 0.131891 0.569765 0.069618 0.127628
0 0.175854 0.925212 0.102618 0.149576
0 0.884795 0.620418 0.056681 0.206158
0 0.583286 0.277284 0.039492 0.103426
0 0.137917 0.616682 0.084842 0.225913
