0 0.780836 0.497054 0.067098 0.110147
0 0.726006 0.547029 0.079651 0.161935
0 0.468493 0.357434 0.040192 0.094946
0 0.316136 0.414023 0.050744 0.120097
0 0.420364 0.504228 0.071055 0.173134
0 0.434527 0.328777 0.045283 0.090512
0 0.875080 0.447853 0.052368 0.172251
0 0.615008 0.285409 0.044693 0.113669
0 0.554686 0.389902 0.065436 0.125010
0 0.350904 0.319594 0.048154 0.103792
0 0.068346 0.540284 0.043960 0.116292
0 0.378079 0.479855 0.044447 0.156151
0 0.506217 0.387561 0.035172 0.096167
0 0.580344 0.276533 0.034392 0.097697
0 0.187631 0.960829 0.082765 0.078341
0 0.175136 0.913822 0.087004 0.159814
0 0.880182 0.625997 0.066217 0.223586
0 0.549090 0.261451 0.034118 0.117169
0 0.571009 0.445117 0.067364 0.098048
0 0.054529 0.490602 0.033666 0.114782
0 0.824848 0.734144 0.114782 0.137424
0 0.834668 0.663939 0.135382 0.277762
0 0.128594 0.563848 0.054861 0.111462
