0 0.715433 0.541365 0.072461 0.169615
0 0.791013 0.487998 0.087393 0.155836
0 0.435846 0.327022 0.039162 0.082201
0 0.613734 0.613077 0.068854 0.196345
0 0.597272 0.287909 0.041322 0.118009
0 0.439697 0.519390 0.076971 0.196883
0 0.183265 0.880328 0.076785 0.192239
0 0.881057 0.411766 0.060056 0.232670
0 0.535479 0.404975 0.054914 0.126035
0 0.472052 0.351779 0.043458 0.092781
0 0.119604 0.621903 0.059115 0.203071
0 0.843401 0.398271 0.047126 0.236444
0 0.306648 0.415507 0.040561 0.142492
0 0.386782 0.482572 0.045368 0.157898
0 0.877524 0.633484 0.090347 0.275260
0 0.326106 0.842997 0.120898 0.309090
0 0.594478 0.444242 0.062034 0.172506
0 0.545950 0.268362 0.040506 0.125531
0 0.051747 0.521271 0.062119 0.168394
0 0.226175 0.951498 0.086772 0.097004
