0 0.787117 0.497230 0.091281 0.161815
0 0.710500 0.542389 0.064882 0.165877
0 0.468758 0.365888 0.036955 0.081435
0 0.438534 0.518812 0.076003 0.184821
0 0.119980 0.631666 0.062351 0.191624
0 0.377053 0.482171 0.052231 0.160358
0 0.541323 0.394774 0.066605 0.133330
0 0.072822 0.538542 0.048824 0.117431
0 0.313539 0.414278 0.049347 0.121070
0 0.188613 0.963674 0.078122 0.072652
0 0.433287 0.328552 0.038349 0.083542
0 0.504204 0.382534 0.032166 0.090970
0 0.646298 0.575371 0.066340 0.158414
0 0.919102 0.605372 0.068593 0.262532
0 0.834714 0.754447 0.081149 0.215335
0 0.162139 0.911751 0.085360 0.143920
0 0.154793 0.524366 0.079516 0.314945
0 0.604482 0.295587 0.045799 0.111526
0 0.582329 0.491389 0.083201 0.276714
0 0.056803 0.494383 0.038442 0.123340
0 0.582500 0.425771 0.077721 0.152004
0 0.544173 0.267524 0.041973 0.134596
0 0.572746 0.280327 0.030592 0.102964
