0 0.711645 0.540130 0.067993 0.164868
0 0.777874 0.483995 0.081370 0.164902
0 0.434228 0.328609 0.036918 0.083979
0 0.539405 0.396109 0.065063 0.135627
0 0.468811 0.366062 0.036713 0.083160
0 0.438659 0.518849 0.075255 0.185516
0 0.314935 0.414818 0.046289 0.120788
0 0.501658 0.381429 0.036040 0.087109
0 0.648475 0.579502 0.067030 0.161632
0 0.072924 0.538160 0.047831 0.117883
0 0.188327 0.963423 0.078038 0.073154
0 0.376192 0.484624 0.054985 0.166296
0 0.918331 0.605267 0.069005 0.261699
0 0.836237 0.753348 0.083146 0.213967
0 0.053608 0.493416 0.036005 0.126095
0 0.161855 0.913077 0.086324 0.147338
0 0.604548 0.294993 0.046070 0.116026
0 0.573473 0.280245 0.029860 0.101626
0 0.582340 0.499044 0.065643 0.255485
0 0.537834 0.263451 0.029033 0.128704
0 0.150352 0.529886 0.077813 0.318198
0 0.120724 0.599645 0.051558 0.165757
