0 0.897341 0.492668 0.061631 0.160895
0 0.791958 0.481666 0.081539 0.147538
0 0.721912 0.552324 0.076915 0.153980
0 0.069562 0.539015 0.046003 0.121243
0 0.540271 0.398149 0.045050 0.135248
0 0.613802 0.291171 0.042135 0.109629
0 0.464473 0.358948 0.029118 0.099826
0 0.817318 0.813933 0.115086 0.351389
0 0.433329 0.329923 0.041164 0.075308
0 0.578663 0.278894 0.034552 0.103041
0 0.180511 0.878792 0.080914 0.150883
0 0.352000 0.319310 0.046339 0.094757
0 0.592008 0.423356 0.058875 0.151608
0 0.317809 0.426384 0.055696 0.150126
0 0.198784 0.954267 0.074406 0.091466
0 0.129898 0.559660 0.051307 0.095706
0 0.549116 0.276326 0.045258 0.150550
0 0.411604 0.565087 0.093335 0.425872
0 0.290002 0.343928 0.027643 0.099256
