0 0.472361 0.354298 0.045077 0.086806
0 0.216548 0.928919 0.098026 0.142161
0 0.632953 0.596507 0.104762 0.223759
0 0.433944 0.330292 0.037336 0.078635
0 0.161234 0.911881 0.086388 0.170057
0 0.893751 0.417238 0.052704 0.235945
0 0.308335 0.410413 0.040135 0.140401
0 0.423950 0.505511 0.071754 0.174045
0 0.379446 0.477216 0.044215 0.167842
0 0.535723 0.408133 0.055286 0.115982
0 0.880919 0.631378 0.081204 0.268653
0 0.851406 0.404905 0.040160 0.229405
0 0.591837 0.431073 0.065725 0.148072
0 0.800737 0.816655 0.138228 0.341302
0 0.591197 0.495020 0.070553 0.274564
0 0.576275 0.275580 0.029000 0.094013
0 0.602434 0.298319 0.046080 0.111737
0 0.051624 0.521499 0.056245 0.165271
0 0.549107 0.271578 0.046844 0.134736
