0 0.469590 0.362067 0.044083 0.090997
0 0.720232 0.552581 0.060148 0.150741
0 0.420357 0.502270 0.071737 0.171885
0 0.067168 0.541951 0.043754 0.115526
0 0.618583 0.291363 0.042220 0.107726
0 0.433907 0.330358 0.035739 0.088453
0 0.885107 0.471692 0.059747 0.152441
0 0.538188 0.391957 0.046263 0.111288
0 0.353128 0.317456 0.048487 0.101445
0 0.504066 0.387895 0.039858 0.099644
0 0.380336 0.468511 0.043065 0.169427
0 0.171344 0.902873 0.086691 0.167608
0 0.849365 0.698610 0.091377 0.246765
0 0.256270 0.330769 0.040410 0.188162
0 0.315337 0.425196 0.048443 0.146567
0 0.781349 0.509320 0.066892 0.082721
0 0.131304 0.560188 0.056618 0.107913
0 0.576677 0.273417 0.033923 0.097651
0 0.268545 0.505880 0.049635 0.186357
0 0.551645 0.278478 0.040192 0.148171
0 0.199306 0.956031 0.075157 0.087939
