0 0.791981 0.480754 0.082013 0.147328
0 0.068516 0.538029 0.043905 0.124791
0 0.722633 0.555574 0.078919 0.146525
0 0.903118 0.500013 0.064870 0.143634
0 0.417634 0.503996 0.077756 0.182609
0 0.539427 0.399202 0.046671 0.133268
0 0.470828 0.354119 0.032830 0.090683
0 0.350961 0.322140 0.047945 0.104571
0 0.816538 0.813475 0.114919 0.352345
0 0.179860 0.879514 0.083238 0.150537
0 0.129090 0.556642 0.052177 0.102828
0 0.431645 0.326342 0.036745 0.072387
0 0.614000 0.293359 0.043405 0.114814
0 0.579065 0.278711 0.034751 0.104051
0 0.591542 0.423625 0.059309 0.152029
0 0.514310 0.290694 0.052220 0.139605
0 0.549266 0.277047 0.045051 0.151680
0 0.198394 0.955645 0.073419 0.088709
0 0.498901 0.391471 0.039159 0.090200
0 0.317888 0.424369 0.053508 0.148842
0 0.589178 0.487585 0.063381 0.272636
0 0.292163 0.353044 0.031010 0.075518
