0 0.301775 0.417562 0.054723 0.128066
0 0.435020 0.521009 0.081848 0.199823
0 0.467729 0.365395 0.037195 0.087171
0 0.792117 0.478406 0.088103 0.149070
0 0.776215 0.392142 0.057921 0.169191
0 0.734145 0.539942 0.095610 0.163350
0 0.542531 0.397222 0.036528 0.119897
0 0.503279 0.388889 0.035589 0.096042
0 0.603867 0.290431 0.046288 0.115568
0 0.903117 0.605061 0.068652 0.267853
0 0.190811 0.963829 0.078702 0.072342
0 0.069063 0.538910 0.042754 0.118686
0 0.824662 0.753086 0.086691 0.212965
0 0.433424 0.332113 0.038125 0.090944
0 0.659581 0.572977 0.072730 0.152012
0 0.578001 0.506614 0.076407 0.257216
0 0.161199 0.910867 0.084518 0.141775
0 0.123741 0.575517 0.054464 0.122199
0 0.380300 0.477457 0.040218 0.153301
0 0.575099 0.278928 0.032400 0.109270
0 0.550918 0.272480 0.031938 0.134670
0 0.578886 0.448864 0.068887 0.139794
0 0.066220 0.483987 0.040923 0.116693
