0 0.792356 0.482803 0.081848 0.146029
0 0.722774 0.556990 0.077706 0.144980
0 0.902119 0.486706 0.061754 0.168535
0 0.417409 0.504032 0.078460 0.181987
0 0.069355 0.539195 0.045608 0.123032
0 0.431558 0.325893 0.041065 0.088553
0 0.612608 0.290114 0.042599 0.110452
0 0.541074 0.398957 0.044538 0.137103
0 0.471678 0.354122 0.040364 0.087846
0 0.816679 0.810921 0.115202 0.344318
0 0.352425 0.318927 0.047264 0.096474
0 0.197676 0.956498 0.076988 0.087005
0 0.578059 0.279117 0.032534 0.105045
0 0.179911 0.887251 0.077604 0.136913
0 0.495807 0.394346 0.041885 0.089658
0 0.591562 0.423725 0.058977 0.140766
0 0.531208 0.297539 0.072579 0.175988
0 0.130596 0.557907 0.051949 0.100461
0 0.310949 0.410426 0.070494 0.185781
0 0.292890 0.356923 0.034941 0.080791
0 0.548713 0.230311 0.018831 0.058267
0 0.590025 0.488243 0.061915 0.265921
