0 0.471459 0.357783 0.045581 0.096227
0 0.729096 0.541178 0.060447 0.148272
0 0.436163 0.325782 0.036147 0.084085
0 0.539328 0.399982 0.050121 0.127717
0 0.500508 0.386973 0.038765 0.096568
0 0.309613 0.417936 0.048267 0.126662
0 0.779883 0.493360 0.065769 0.146513
0 0.438833 0.527096 0.077399 0.170860
0 0.615925 0.597960 0.075182 0.220654
0 0.143033 0.591787 0.077386 0.177399
0 0.919465 0.605609 0.068053 0.265485
0 0.642081 0.437014 0.071628 0.350752
0 0.165343 0.902411 0.092415 0.150913
0 0.586288 0.418275 0.061169 0.147160
0 0.825596 0.823182 0.115865 0.340753
0 0.059081 0.516260 0.053791 0.168306
0 0.376298 0.475712 0.039182 0.154953
0 0.069294 0.536861 0.044335 0.118648
0 0.172205 0.951742 0.050373 0.094523
0 0.548405 0.278001 0.050139 0.148935
0 0.588275 0.476084 0.074201 0.259845
