0 0.783663 0.451943 0.066627 0.189994
0 0.472150 0.355211 0.045311 0.084625
0 0.591449 0.446018 0.068813 0.179818
0 0.640916 0.600536 0.090670 0.198670
0 0.893334 0.423493 0.053122 0.256907
0 0.430012 0.514139 0.079045 0.195373
0 0.383038 0.478332 0.041849 0.161105
0 0.881091 0.651173 0.082743 0.247887
0 0.535614 0.406893 0.054662 0.114068
0 0.306037 0.418031 0.039034 0.138086
0 0.217275 0.935730 0.102754 0.128540
0 0.727696 0.495413 0.050372 0.202596
0 0.430807 0.331958 0.040333 0.087156
0 0.852122 0.405457 0.041848 0.228451
0 0.820399 0.818095 0.121902 0.334633
0 0.147976 0.896441 0.072835 0.189691
0 0.598215 0.292564 0.040275 0.113599
0 0.122200 0.592711 0.048226 0.163015
0 0.053416 0.520656 0.056897 0.167046
0 0.539168 0.266076 0.025763 0.122420
0 0.570728 0.274025 0.031165 0.089444
0 0.859224 0.588773 0.039788 0.123444
