0 0.783531 0.487646 0.073061 0.159702
0 0.472729 0.355647 0.043642 0.082278
0 0.700346 0.550788 0.071725 0.173933
0 0.596656 0.289923 0.040346 0.112961
0 0.538093 0.405085 0.055930 0.123116
0 0.383935 0.479675 0.047593 0.158677
0 0.439036 0.330163 0.036583 0.082224
0 0.180538 0.893694 0.074274 0.180742
0 0.892057 0.420539 0.054101 0.254917
0 0.430391 0.516543 0.080201 0.193634
0 0.311512 0.409308 0.043553 0.127763
0 0.635167 0.598537 0.092881 0.212942
0 0.844894 0.403900 0.046747 0.226041
0 0.598837 0.444956 0.059750 0.176204
0 0.875771 0.634767 0.078579 0.266117
0 0.539624 0.267817 0.028393 0.124579
0 0.122151 0.591777 0.051338 0.162096
0 0.051707 0.520043 0.057639 0.170062
0 0.218779 0.948733 0.097475 0.102533
0 0.479781 0.414406 0.031259 0.087634
0 0.567629 0.269011 0.030437 0.082017
