0 0.649117 0.596792 0.098792 0.197437
0 0.771248 0.475046 0.050729 0.150939
0 0.555481 0.397125 0.047499 0.125846
0 0.431140 0.512104 0.076757 0.191119
0 0.724764 0.536366 0.086942 0.161574
0 0.470126 0.363479 0.035168 0.079719
0 0.598155 0.290042 0.042210 0.118779
0 0.306704 0.408627 0.034012 0.139999
0 0.883870 0.637276 0.081831 0.263656
0 0.435367 0.333835 0.040272 0.070344
0 0.510866 0.387613 0.041993 0.111811
0 0.373919 0.480098 0.049891 0.159510
0 0.066039 0.541529 0.042768 0.118341
0 0.163698 0.915934 0.093715 0.168133
0 0.219263 0.940728 0.088182 0.118545
0 0.590681 0.498033 0.069360 0.280439
0 0.112364 0.600076 0.048877 0.150855
0 0.823950 0.811058 0.103641 0.319700
0 0.065542 0.482372 0.039780 0.110729
0 0.575209 0.278202 0.028073 0.099608
