0 0.417920 0.502329 0.072172 0.171831
0 0.347381 0.325298 0.046354 0.109394
0 0.785894 0.489925 0.092649 0.170790
0 0.621726 0.292251 0.041459 0.114314
0 0.710766 0.543742 0.089505 0.175424
0 0.638526 0.587128 0.086087 0.218194
0 0.474194 0.353325 0.041514 0.093803
0 0.501988 0.387214 0.040137 0.100523
0 0.315482 0.416090 0.048377 0.113962
0 0.885022 0.636218 0.069441 0.259267
0 0.069092 0.535705 0.042691 0.123273
0 0.176534 0.902452 0.088080 0.189861
0 0.546532 0.274052 0.047421 0.135792
0 0.582020 0.284187 0.040067 0.115068
0 0.187013 0.959150 0.088578 0.081700
0 0.572028 0.382778 0.038930 0.104730
0 0.371227 0.467717 0.044596 0.137224
0 0.572129 0.448237 0.062731 0.090094
0 0.426901 0.344664 0.041136 0.068345
0 0.839203 0.753578 0.073767 0.212720
0 0.824979 0.815876 0.111975 0.338692
