0 0.787244 0.491434 0.091641 0.180349
0 0.632724 0.597371 0.099270 0.221521
0 0.697594 0.553027 0.069923 0.180460
0 0.379109 0.477403 0.044654 0.160676
0 0.316465 0.413959 0.050596 0.120729
0 0.428226 0.510494 0.079764 0.190767
0 0.473344 0.358469 0.036579 0.087190
0 0.349645 0.322657 0.049866 0.096181
0 0.501455 0.387389 0.035527 0.095726
0 0.546622 0.276583 0.047506 0.141764
0 0.624882 0.291859 0.040459 0.098243
0 0.549267 0.390705 0.037672 0.075202
0 0.425592 0.329482 0.033608 0.079723
0 0.068431 0.533913 0.045707 0.127424
0 0.844476 0.760635 0.084833 0.213658
0 0.568667 0.439634 0.063747 0.107164
0 0.577611 0.277949 0.037428 0.108910
0 0.853756 0.655593 0.102012 0.230487
0 0.132351 0.569056 0.069357 0.129585
0 0.138433 0.616314 0.085542 0.227497
0 0.177111 0.927114 0.102758 0.145772
0 0.891776 0.636239 0.044010 0.168495
