0 0.597206 0.288268 0.040848 0.117519
0 0.642126 0.593035 0.102333 0.220193
0 0.434409 0.329529 0.040911 0.085146
0 0.536997 0.403674 0.057596 0.133071
0 0.784625 0.503093 0.102974 0.151835
0 0.312221 0.411592 0.045124 0.126298
0 0.881393 0.419891 0.056353 0.222081
0 0.182602 0.885651 0.077025 0.190386
0 0.844111 0.401948 0.049581 0.230008
0 0.426068 0.510514 0.074058 0.180538
0 0.478550 0.357693 0.032965 0.069753
0 0.721930 0.536922 0.064516 0.169232
0 0.386073 0.482278 0.041475 0.160157
0 0.049774 0.521164 0.056924 0.165818
0 0.594836 0.448057 0.061188 0.174505
0 0.124162 0.591828 0.050547 0.167173
0 0.545786 0.268365 0.040096 0.125409
0 0.877610 0.609356 0.081695 0.215510
0 0.227374 0.948283 0.080782 0.103434
