0 0.465464 0.364423 0.034428 0.084386
0 0.068283 0.539833 0.042163 0.116882
0 0.598918 0.289201 0.040238 0.116128
0 0.302168 0.417088 0.055890 0.128312
0 0.788151 0.489994 0.089346 0.141852
0 0.500019 0.388259 0.038095 0.097712
0 0.730187 0.537968 0.081977 0.160316
0 0.433068 0.331696 0.036546 0.092544
0 0.824919 0.755877 0.088580 0.211658
0 0.666964 0.576034 0.076106 0.144726
0 0.910813 0.630434 0.067214 0.218255
0 0.123622 0.573794 0.053224 0.120691
0 0.383638 0.480066 0.046670 0.158966
0 0.560915 0.518558 0.078281 0.394464
0 0.538572 0.397273 0.031400 0.108769
0 0.436904 0.519999 0.077016 0.204464
0 0.554627 0.263611 0.034154 0.109880
0 0.192430 0.961357 0.079323 0.077285
0 0.042357 0.488717 0.036164 0.124015
0 0.573425 0.272213 0.026530 0.094095
