0 0.417872 0.502902 0.070175 0.170821
0 0.347765 0.324180 0.046133 0.104762
0 0.504798 0.386310 0.039469 0.101216
0 0.316092 0.412413 0.051061 0.122062
0 0.785044 0.477109 0.098311 0.136147
0 0.476007 0.356722 0.046962 0.101680
0 0.616571 0.285706 0.045721 0.117268
0 0.579975 0.280886 0.035120 0.107206
0 0.901212 0.622815 0.079059 0.284806
0 0.377157 0.469087 0.041183 0.144263
0 0.818510 0.818919 0.113105 0.340867
0 0.174290 0.912203 0.087841 0.164675
0 0.182614 0.957311 0.091416 0.085379
0 0.432347 0.335558 0.045567 0.075560
0 0.917950 0.493803 0.048149 0.137902
0 0.549937 0.267718 0.037870 0.132143
0 0.059617 0.516907 0.055072 0.168029
0 0.569010 0.380752 0.038294 0.105360
0 0.144772 0.614933 0.090403 0.222885
0 0.070039 0.535139 0.044689 0.125404
0 0.570320 0.446312 0.067216 0.093950
