0 0.642996 0.600133 0.129790 0.222342
0 0.433763 0.328489 0.037479 0.081815
0 0.160485 0.909250 0.085683 0.175736
0 0.534541 0.408133 0.056249 0.117433
0 0.893348 0.422431 0.053662 0.247883
0 0.423315 0.504549 0.070835 0.173687
0 0.214971 0.927794 0.095684 0.144413
0 0.881113 0.636815 0.078384 0.270717
0 0.306811 0.413610 0.035622 0.138759
0 0.380749 0.479364 0.041921 0.163226
0 0.470105 0.357474 0.043117 0.082003
0 0.851575 0.402667 0.040706 0.227858
0 0.591956 0.430515 0.065222 0.146040
0 0.060546 0.547169 0.045795 0.115948
0 0.576623 0.276008 0.027886 0.093794
0 0.609471 0.320254 0.060146 0.160084
0 0.116504 0.601829 0.045546 0.162342
0 0.037121 0.489570 0.024889 0.101062
0 0.542951 0.270455 0.035162 0.130923
