0 0.713008 0.539819 0.067820 0.169018
0 0.648949 0.589969 0.076957 0.187851
0 0.598045 0.288919 0.042148 0.116890
0 0.548450 0.404588 0.050470 0.121661
0 0.301053 0.420152 0.045626 0.143982
0 0.238986 0.925868 0.142806 0.148264
0 0.434204 0.332293 0.036409 0.073941
0 0.468663 0.364707 0.033061 0.081261
0 0.162590 0.913083 0.094874 0.170195
0 0.509391 0.384063 0.036433 0.105895
0 0.883287 0.647596 0.085834 0.260992
0 0.765323 0.486676 0.057833 0.170713
0 0.422794 0.517481 0.078374 0.176789
0 0.592315 0.497475 0.068741 0.282311
0 0.120762 0.591986 0.056873 0.144713
0 0.066110 0.480000 0.037105 0.112399
0 0.056966 0.544562 0.052081 0.117709
0 0.379984 0.458548 0.027507 0.109376
