0 0.780722 0.488906 0.072338 0.167121
0 0.711301 0.541931 0.058093 0.160920
0 0.618467 0.606450 0.080470 0.204646
0 0.598219 0.288311 0.043905 0.121313
0 0.478835 0.352390 0.034830 0.076082
0 0.308245 0.416231 0.037022 0.131982
0 0.889370 0.629405 0.077345 0.281922
0 0.589751 0.436787 0.063800 0.156949
0 0.540671 0.402653 0.052929 0.122028
0 0.071714 0.526674 0.054265 0.134802
0 0.133447 0.641151 0.068807 0.247731
0 0.435920 0.319383 0.040566 0.074946
0 0.389693 0.490653 0.053707 0.180487
0 0.041048 0.512062 0.037993 0.143620
0 0.438895 0.515779 0.076546 0.371332
0 0.230559 0.929433 0.087595 0.141133
0 0.549417 0.258570 0.027678 0.118330
0 0.154137 0.855350 0.085719 0.212922
