0 0.730763 0.538765 0.061567 0.152267
0 0.539191 0.400268 0.049723 0.127026
0 0.435167 0.323899 0.039812 0.083069
0 0.465593 0.362402 0.045000 0.092556
0 0.309667 0.418267 0.046548 0.126294
0 0.184730 0.962097 0.074696 0.075806
0 0.779542 0.492804 0.064786 0.144203
0 0.640952 0.436928 0.101829 0.345458
0 0.144903 0.595082 0.073388 0.182087
0 0.504857 0.388375 0.031007 0.092737
0 0.169130 0.896025 0.103239 0.161018
0 0.920227 0.605243 0.068834 0.262892
0 0.437776 0.524505 0.078051 0.172530
0 0.824932 0.820816 0.116946 0.335251
0 0.060704 0.517179 0.053427 0.166733
0 0.622330 0.590113 0.071734 0.152898
0 0.586333 0.419761 0.065702 0.148945
0 0.548718 0.278127 0.050588 0.148471
0 0.385194 0.450834 0.048797 0.123799
