0 0.472054 0.359594 0.042354 0.092495
0 0.754948 0.496087 0.078240 0.194577
0 0.381053 0.480372 0.047095 0.157305
0 0.357057 0.319098 0.044992 0.096588
0 0.430597 0.512368 0.079220 0.193759
0 0.630993 0.605794 0.093619 0.200566
0 0.071436 0.537025 0.046636 0.120955
0 0.920388 0.606205 0.069175 0.270091
0 0.521406 0.400070 0.049821 0.105387
0 0.318293 0.413817 0.044243 0.116108
0 0.621372 0.294430 0.041118 0.108627
0 0.827977 0.828251 0.122854 0.340524
0 0.569743 0.441500 0.066452 0.102667
0 0.420036 0.327784 0.037411 0.078203
0 0.055019 0.494416 0.037141 0.126586
0 0.131779 0.578239 0.065457 0.146123
0 0.537027 0.267499 0.032696 0.129398
0 0.284120 0.326452 0.024296 0.154918
0 0.581367 0.273521 0.035387 0.091489
