0 0.781375 0.492058 0.069363 0.151001
0 0.597308 0.288626 0.043225 0.119431
0 0.590129 0.445888 0.063982 0.172942
0 0.714432 0.539803 0.048304 0.167539
0 0.133994 0.645971 0.067590 0.223440
0 0.071701 0.527436 0.054751 0.134956
0 0.546867 0.405303 0.046952 0.120944
0 0.308744 0.413842 0.037923 0.131478
0 0.621552 0.608331 0.077948 0.203783
0 0.432573 0.327789 0.041143 0.090069
0 0.903264 0.500365 0.049808 0.126076
0 0.392655 0.514171 0.082020 0.318393
0 0.939305 0.571365 0.060334 0.256889
0 0.040339 0.516865 0.037741 0.154804
0 0.219226 0.929475 0.139945 0.141051
0 0.547997 0.260413 0.032662 0.121661
0 0.466862 0.351281 0.025617 0.064663
0 0.152292 0.875682 0.077063 0.148693
0 0.494518 0.383942 0.054900 0.104966
