0 0.781114 0.487201 0.071108 0.157590
0 0.722679 0.538498 0.061961 0.168248
0 0.597017 0.287534 0.042497 0.120917
0 0.435919 0.332672 0.040772 0.096248
0 0.072015 0.529283 0.053631 0.133133
0 0.620451 0.604134 0.080183 0.206694
0 0.542174 0.404741 0.049501 0.118596
0 0.589834 0.435170 0.063448 0.153598
0 0.307651 0.415275 0.035869 0.129327
0 0.134329 0.644067 0.068231 0.230584
0 0.039306 0.515657 0.035597 0.150144
0 0.483541 0.367555 0.032237 0.096316
0 0.396908 0.513053 0.101396 0.330714
0 0.547682 0.260120 0.032724 0.122879
0 0.147754 0.868709 0.093662 0.215988
0 0.887380 0.692843 0.081176 0.210898
0 0.225139 0.936721 0.086390 0.126559
0 0.909084 0.611155 0.056053 0.248883
0 0.469419 0.349031 0.024315 0.062598
