0 0.792316 0.483989 0.078672 0.144911
0 0.438843 0.518185 0.073681 0.195720
0 0.720313 0.551055 0.074395 0.151503
0 0.533993 0.394522 0.051042 0.141421
0 0.067244 0.539621 0.045097 0.119678
0 0.353041 0.317623 0.046195 0.097241
0 0.611418 0.289848 0.043912 0.112272
0 0.816139 0.813493 0.113003 0.348669
0 0.462305 0.355488 0.042553 0.090846
0 0.504891 0.383870 0.036104 0.090643
0 0.590450 0.422820 0.058586 0.144006
0 0.130954 0.557735 0.052560 0.104334
0 0.575666 0.276017 0.034643 0.104735
0 0.434182 0.315963 0.040864 0.084902
0 0.161238 0.873925 0.086930 0.157562
0 0.547794 0.278805 0.043886 0.154191
0 0.311449 0.408933 0.069865 0.188057
0 0.038467 0.519481 0.032801 0.165587
0 0.920342 0.517598 0.056286 0.232132
0 0.293414 0.356090 0.033644 0.083402
0 0.588220 0.485462 0.062950 0.269909
