0 0.780935 0.489272 0.070579 0.156809
0 0.721916 0.546988 0.059231 0.145593
0 0.134599 0.647671 0.068178 0.221558
0 0.072223 0.526786 0.052003 0.136183
0 0.254173 0.925873 0.090641 0.148254
0 0.306669 0.414729 0.036561 0.131179
0 0.617727 0.628448 0.080457 0.166959
0 0.039157 0.519028 0.036107 0.156093
0 0.571224 0.438235 0.070735 0.121052
0 0.168952 0.899019 0.090137 0.198318
0 0.385846 0.472422 0.087021 0.265651
0 0.876680 0.644807 0.088106 0.277240
0 0.583181 0.276390 0.033369 0.099988
0 0.438619 0.321534 0.045632 0.075011
0 0.540173 0.396647 0.037189 0.106893
0 0.616746 0.291511 0.045370 0.124594
0 0.548157 0.259378 0.034199 0.120165
0 0.479262 0.354064 0.031730 0.066351
