0 0.771206 0.485829 0.053368 0.160662
0 0.703538 0.539469 0.058453 0.167311
0 0.634588 0.593006 0.087778 0.213307
0 0.384582 0.480184 0.045433 0.157630
0 0.181967 0.879448 0.074105 0.175511
0 0.870404 0.409683 0.063074 0.233340
0 0.596777 0.290072 0.040931 0.115197
0 0.552823 0.404728 0.048631 0.121061
0 0.429869 0.515366 0.078982 0.191615
0 0.306007 0.417486 0.037458 0.142393
0 0.437207 0.330422 0.041823 0.086867
0 0.478726 0.352500 0.031565 0.081447
0 0.832223 0.399216 0.045227 0.235768
0 0.877527 0.633082 0.076022 0.262811
0 0.594853 0.446388 0.060800 0.174943
0 0.121053 0.614570 0.055954 0.215308
0 0.540163 0.268517 0.029089 0.124641
0 0.055034 0.545456 0.054569 0.119790
0 0.572563 0.270224 0.029370 0.086627
