0 0.773106 0.486955 0.057373 0.126070
0 0.719537 0.549568 0.060029 0.153220
0 0.471132 0.366482 0.037015 0.076387
0 0.419056 0.502999 0.073122 0.172577
0 0.618296 0.286955 0.044076 0.115925
0 0.067210 0.542864 0.043678 0.115561
0 0.538572 0.391848 0.044912 0.109815
0 0.908018 0.632795 0.072058 0.262899
0 0.350976 0.321013 0.046430 0.105889
0 0.317449 0.425136 0.051725 0.147454
0 0.848539 0.699867 0.091058 0.245260
0 0.434607 0.321506 0.038652 0.087858
0 0.504011 0.387662 0.041813 0.100243
0 0.368356 0.482694 0.051853 0.166179
0 0.551726 0.278195 0.039154 0.150296
0 0.581429 0.278294 0.038156 0.101438
0 0.130865 0.559928 0.055452 0.111470
0 0.259326 0.516865 0.064149 0.211178
0 0.159812 0.401014 0.050938 0.252473
