0 0.417970 0.502571 0.073379 0.172335
0 0.476649 0.353659 0.041240 0.100698
0 0.579642 0.282564 0.034849 0.112392
0 0.503316 0.387428 0.043167 0.096482
0 0.795050 0.470861 0.078466 0.138293
0 0.350202 0.324215 0.048804 0.098719
0 0.741241 0.536904 0.088314 0.172776
0 0.059352 0.514790 0.058632 0.170180
0 0.819412 0.819110 0.115582 0.333326
0 0.315155 0.412875 0.049223 0.121802
0 0.616257 0.286105 0.045686 0.118315
0 0.430801 0.341148 0.045836 0.072720
0 0.915322 0.508116 0.045148 0.149585
0 0.173732 0.911882 0.089636 0.162355
0 0.181241 0.959703 0.097849 0.080594
0 0.372130 0.468286 0.036631 0.143601
0 0.887282 0.631700 0.077299 0.253637
0 0.571791 0.381435 0.036547 0.105874
0 0.548568 0.269420 0.041090 0.140287
0 0.570839 0.446585 0.068565 0.094838
