0 0.786441 0.490452 0.089176 0.178153
0 0.695979 0.542453 0.070718 0.170928
0 0.418897 0.502546 0.075391 0.173490
0 0.470828 0.358847 0.042812 0.092365
0 0.525130 0.397960 0.061629 0.115821
0 0.067585 0.533189 0.044254 0.129604
0 0.496410 0.379284 0.040897 0.079736
0 0.919050 0.603747 0.069277 0.261705
0 0.546921 0.277440 0.047156 0.142736
0 0.343796 0.324295 0.042134 0.094473
0 0.569529 0.436919 0.063913 0.113324
0 0.180942 0.924267 0.082333 0.151467
0 0.624746 0.290701 0.040068 0.094763
0 0.305977 0.394710 0.032116 0.084440
0 0.582623 0.282116 0.040939 0.109588
0 0.840868 0.756798 0.082704 0.209750
0 0.340616 0.520752 0.074773 0.379790
0 0.377866 0.480792 0.037643 0.160650
0 0.382124 0.443951 0.027707 0.083686
0 0.429101 0.339306 0.038803 0.061562
0 0.053302 0.492153 0.032549 0.119535
0 0.187617 0.960357 0.088886 0.079286
