0 0.473120 0.358824 0.042951 0.094204
0 0.623992 0.596765 0.083711 0.219855
0 0.774632 0.498575 0.124214 0.176861
0 0.316222 0.413615 0.050783 0.121018
0 0.349559 0.323210 0.048874 0.097489
0 0.377621 0.476904 0.041332 0.158840
0 0.915481 0.631296 0.068252 0.261035
0 0.507233 0.390426 0.027930 0.095134
0 0.621305 0.294283 0.042240 0.107882
0 0.828578 0.825807 0.121678 0.333219
0 0.550694 0.380543 0.048646 0.109634
0 0.422554 0.329538 0.042623 0.084693
0 0.569691 0.437422 0.064924 0.113346
0 0.060031 0.517546 0.051802 0.164159
0 0.068876 0.539277 0.037886 0.116980
0 0.549892 0.272618 0.051894 0.134439
0 0.056943 0.489820 0.038415 0.110191
0 0.132582 0.577778 0.066831 0.148915
0 0.449436 0.514616 0.062325 0.222356
0 0.579401 0.273437 0.033866 0.097348
0 0.416662 0.500363 0.052370 0.176149
