0 0.472234 0.354714 0.044425 0.084821
0 0.712832 0.544030 0.060180 0.167340
0 0.384699 0.480155 0.044412 0.159396
0 0.435679 0.327944 0.043013 0.078179
0 0.634021 0.594790 0.082513 0.218527
0 0.826747 0.389166 0.052432 0.258153
0 0.596874 0.289679 0.041135 0.115163
0 0.180739 0.889868 0.073706 0.188667
0 0.552572 0.404703 0.048551 0.122540
0 0.429602 0.513525 0.078653 0.191717
0 0.893613 0.421260 0.055177 0.260921
0 0.594976 0.450575 0.059766 0.167498
0 0.308192 0.412196 0.039432 0.135200
0 0.770847 0.502358 0.079318 0.156714
0 0.858453 0.635627 0.117406 0.268537
0 0.539514 0.268708 0.027910 0.125873
0 0.049444 0.519997 0.050450 0.162334
0 0.118947 0.601509 0.055604 0.178646
0 0.217706 0.947828 0.098873 0.104343
0 0.565320 0.281520 0.031512 0.108018
