0 0.346167 0.323020 0.045707 0.102255
0 0.525744 0.396072 0.063370 0.120840
0 0.787627 0.487548 0.089780 0.171651
0 0.316381 0.412970 0.050303 0.122369
0 0.920381 0.600421 0.068499 0.254735
0 0.423577 0.504148 0.069858 0.179947
0 0.378261 0.479536 0.040645 0.159092
0 0.491002 0.373976 0.036594 0.091119
0 0.547185 0.275401 0.047640 0.141278
0 0.658022 0.591638 0.080276 0.155965
0 0.707429 0.542097 0.076227 0.165121
0 0.065424 0.535269 0.047201 0.127087
0 0.570126 0.436408 0.065794 0.113776
0 0.467952 0.354977 0.025601 0.095424
0 0.574449 0.274377 0.034249 0.097325
0 0.426459 0.333331 0.034798 0.067998
0 0.128369 0.563076 0.063466 0.107893
0 0.842184 0.763071 0.083062 0.207376
0 0.054839 0.485803 0.034721 0.107027
0 0.162965 0.853941 0.102314 0.187263
0 0.609175 0.291452 0.047685 0.115212
