0 0.468668 0.362470 0.037673 0.090915
0 0.727215 0.548357 0.057481 0.140371
0 0.540964 0.401116 0.053890 0.126012
0 0.780044 0.492480 0.065246 0.144458
0 0.436541 0.330040 0.031482 0.091171
0 0.650493 0.493540 0.087209 0.308171
0 0.912435 0.611570 0.068412 0.250802
0 0.184053 0.962162 0.073082 0.075676
0 0.313331 0.414808 0.046629 0.122723
0 0.438536 0.524560 0.075849 0.175309
0 0.143798 0.599797 0.073167 0.183209
0 0.168778 0.901983 0.096571 0.154341
0 0.503544 0.388109 0.029435 0.093116
0 0.819349 0.822144 0.109216 0.331782
0 0.061648 0.515199 0.054629 0.168072
0 0.585537 0.422005 0.072432 0.148843
0 0.382136 0.476399 0.049396 0.155377
0 0.614400 0.581462 0.083858 0.175109
0 0.548835 0.275449 0.050672 0.147305
