0 0.770281 0.480844 0.052276 0.137507
0 0.547615 0.390265 0.050574 0.128454
0 0.727340 0.551091 0.081443 0.154473
0 0.617943 0.285822 0.043589 0.115886
0 0.504610 0.387836 0.038166 0.097751
0 0.316421 0.412557 0.051248 0.121673
0 0.421963 0.503579 0.070879 0.174814
0 0.906161 0.620402 0.076834 0.270051
0 0.068528 0.539294 0.042454 0.116873
0 0.384048 0.465773 0.044372 0.170115
0 0.352115 0.322287 0.049795 0.096202
0 0.623847 0.528137 0.058939 0.282277
0 0.188542 0.960860 0.083063 0.078280
0 0.551633 0.270649 0.038091 0.133778
0 0.582194 0.279483 0.039183 0.102013
0 0.826153 0.729967 0.116595 0.142056
0 0.174321 0.920252 0.097370 0.156287
0 0.129955 0.561819 0.055549 0.107890
0 0.051256 0.489525 0.033211 0.119063
0 0.568328 0.443082 0.064863 0.095028
0 0.454621 0.358683 0.061834 0.098662
