0 0.722408 0.559874 0.076059 0.137665
0 0.614064 0.289044 0.044163 0.110392
0 0.539339 0.399980 0.045168 0.132290
0 0.897913 0.472433 0.057417 0.169162
0 0.466250 0.359346 0.031115 0.094784
0 0.068129 0.540704 0.044221 0.123268
0 0.591249 0.485048 0.068071 0.266384
0 0.349364 0.323567 0.049194 0.113505
0 0.434084 0.329716 0.043950 0.104567
0 0.816647 0.812462 0.114163 0.345741
0 0.421644 0.502988 0.071972 0.182170
0 0.494995 0.387355 0.042650 0.101109
0 0.248892 0.413269 0.056839 0.167562
0 0.580115 0.280112 0.036437 0.103815
0 0.318598 0.426679 0.055196 0.151945
0 0.305262 0.294360 0.047162 0.172734
0 0.273072 0.377874 0.038217 0.130030
0 0.551072 0.276292 0.040323 0.145291
0 0.782257 0.511789 0.072175 0.085884
