0 0.784305 0.504202 0.102662 0.150797
0 0.434674 0.329581 0.041350 0.083912
0 0.642675 0.593519 0.102739 0.219282
0 0.840988 0.397838 0.054225 0.233913
0 0.537164 0.403252 0.057053 0.133232
0 0.597382 0.288684 0.042231 0.116714
0 0.716224 0.536887 0.066971 0.165780
0 0.312582 0.411070 0.043354 0.127139
0 0.425340 0.509186 0.073822 0.177548
0 0.880726 0.420983 0.057006 0.226202
0 0.594945 0.446648 0.060896 0.173003
0 0.182512 0.890364 0.075919 0.198260
0 0.478736 0.356859 0.032761 0.070669
0 0.385671 0.481613 0.040954 0.159828
0 0.050910 0.520890 0.058889 0.165902
0 0.540950 0.269508 0.030699 0.124521
0 0.124393 0.591147 0.050864 0.167820
0 0.064493 0.538280 0.040710 0.120782
0 0.877465 0.607403 0.081585 0.207066
0 0.227137 0.947712 0.080933 0.104576
