0 0.781251 0.480910 0.070623 0.146460
0 0.468312 0.361921 0.038923 0.096963
0 0.722611 0.556888 0.077139 0.143156
0 0.068215 0.540457 0.044340 0.121018
0 0.898003 0.475438 0.060744 0.173331
0 0.613708 0.289607 0.043708 0.111980
0 0.534007 0.391083 0.033656 0.111987
0 0.347870 0.322211 0.049209 0.111182
0 0.422084 0.502556 0.069028 0.180964
0 0.296596 0.300791 0.043527 0.177122
0 0.502895 0.387271 0.034503 0.099599
0 0.430767 0.329366 0.033807 0.099376
0 0.580161 0.277630 0.035890 0.098931
0 0.552017 0.275356 0.037624 0.145112
0 0.571788 0.496318 0.082801 0.253115
0 0.318083 0.425069 0.057207 0.153054
0 0.571197 0.434245 0.078874 0.130372
0 0.822900 0.738623 0.120903 0.164707
0 0.260076 0.426775 0.041898 0.159094
