0 0.780760 0.488954 0.072217 0.163930
0 0.705893 0.541556 0.050921 0.162709
0 0.434502 0.329225 0.044085 0.076164
0 0.597834 0.287891 0.044480 0.119420
0 0.548413 0.395662 0.045342 0.137577
0 0.307727 0.414124 0.040435 0.140052
0 0.398228 0.494594 0.069118 0.191238
0 0.627552 0.602656 0.082999 0.205951
0 0.871187 0.430554 0.047854 0.212805
0 0.071694 0.535724 0.052700 0.124341
0 0.550660 0.258507 0.029049 0.113910
0 0.040612 0.519319 0.037970 0.159631
0 0.885036 0.628102 0.064565 0.257021
0 0.480367 0.359388 0.037012 0.067780
0 0.120415 0.620523 0.056889 0.198119
0 0.150293 0.878486 0.086759 0.213923
0 0.592828 0.433511 0.062734 0.150205
0 0.229744 0.941237 0.085010 0.117526
