0 0.698640 0.543941 0.069117 0.150739
0 0.439094 0.519075 0.079938 0.197460
0 0.528306 0.404319 0.063950 0.129365
0 0.754382 0.496001 0.088045 0.168255
0 0.615364 0.289695 0.042682 0.111402
0 0.649032 0.587282 0.084987 0.185842
0 0.351833 0.319096 0.047860 0.105310
0 0.465932 0.353161 0.045140 0.085957
0 0.441674 0.318714 0.039840 0.080580
0 0.820830 0.819294 0.106663 0.341313
0 0.053894 0.519449 0.064016 0.169193
0 0.131332 0.558422 0.053765 0.106653
0 0.591837 0.423293 0.060179 0.164781
0 0.324765 0.421680 0.055401 0.154154
0 0.152100 0.871967 0.070960 0.177155
0 0.539767 0.266462 0.028705 0.131023
0 0.581857 0.279342 0.039729 0.094243
0 0.289759 0.353758 0.026512 0.085416
0 0.281826 0.338439 0.037640 0.105621
