0 0.472599 0.362200 0.038104 0.090055
0 0.347357 0.326022 0.044675 0.108134
0 0.765261 0.488054 0.058232 0.177175
0 0.625736 0.611406 0.089574 0.193603
0 0.505725 0.389017 0.029689 0.094953
0 0.432349 0.513727 0.079891 0.196422
0 0.537899 0.389988 0.048860 0.119540
0 0.827673 0.821902 0.123510 0.338927
0 0.380490 0.479266 0.044558 0.158153
0 0.915692 0.605536 0.068637 0.261650
0 0.315115 0.413029 0.045207 0.120618
0 0.071553 0.537207 0.046177 0.120373
0 0.427781 0.326710 0.028607 0.078903
0 0.571008 0.439987 0.065517 0.106489
0 0.054843 0.494063 0.036695 0.126397
0 0.283007 0.322324 0.023061 0.144133
0 0.132001 0.579996 0.066779 0.144621
0 0.537300 0.271390 0.033505 0.143490
