0 0.071864 0.527255 0.052793 0.137226
0 0.304581 0.416465 0.037591 0.138562
0 0.617892 0.621185 0.080559 0.178796
0 0.723548 0.530983 0.051743 0.163485
0 0.134457 0.647838 0.068259 0.221494
0 0.543545 0.391581 0.042597 0.112917
0 0.163029 0.879055 0.073507 0.175012
0 0.767762 0.486254 0.049185 0.162458
0 0.438280 0.321931 0.046218 0.075041
0 0.481652 0.365166 0.033764 0.091912
0 0.573089 0.439910 0.070897 0.118263
0 0.584354 0.275605 0.032892 0.097845
0 0.385841 0.473741 0.086121 0.263132
0 0.513599 0.384259 0.036202 0.106717
0 0.232525 0.932453 0.110588 0.135093
0 0.040126 0.517696 0.036833 0.156912
0 0.613242 0.293317 0.047025 0.116658
0 0.875022 0.655402 0.089720 0.251049
0 0.549522 0.259501 0.036059 0.119522
