0 0.769995 0.478216 0.051475 0.142179
0 0.547722 0.390583 0.050491 0.129751
0 0.726242 0.551585 0.079213 0.155154
0 0.617993 0.285538 0.043188 0.114915
0 0.909871 0.616661 0.070710 0.272470
0 0.505760 0.387529 0.034235 0.096117
0 0.316265 0.412705 0.052702 0.122067
0 0.419623 0.501144 0.065340 0.174306
0 0.352180 0.322646 0.049639 0.099431
0 0.068084 0.539763 0.046208 0.118984
0 0.380965 0.469459 0.046168 0.175184
0 0.581298 0.276512 0.038714 0.096972
0 0.189161 0.961368 0.081133 0.077264
0 0.551689 0.271670 0.038314 0.135673
0 0.825926 0.733924 0.117515 0.133784
0 0.173657 0.920832 0.095921 0.155828
0 0.129641 0.561567 0.055857 0.107673
0 0.569182 0.443343 0.066109 0.097822
0 0.038965 0.515639 0.035544 0.172166
