0 0.726147 0.550764 0.078616 0.155819
0 0.545551 0.388481 0.055580 0.126466
0 0.618583 0.285726 0.044512 0.116349
0 0.907968 0.626636 0.071943 0.252812
0 0.780326 0.478473 0.072056 0.148207
0 0.421535 0.503581 0.073020 0.175982
0 0.351949 0.321876 0.049106 0.099351
0 0.503416 0.386727 0.036367 0.094108
0 0.382513 0.464514 0.042407 0.170338
0 0.581269 0.278444 0.038573 0.099811
0 0.189467 0.961114 0.080282 0.077773
0 0.825117 0.732327 0.115476 0.139826
0 0.551702 0.270035 0.038167 0.132790
0 0.173276 0.920795 0.094889 0.155768
0 0.067878 0.538976 0.044088 0.121290
0 0.313552 0.554468 0.070719 0.405617
0 0.569385 0.442624 0.063336 0.100006
0 0.454129 0.358529 0.062034 0.098887
0 0.057837 0.517865 0.063756 0.169148
0 0.127286 0.566610 0.054835 0.113005
