0 0.767354 0.504181 0.077378 0.161593
0 0.704570 0.543577 0.063629 0.175216
0 0.472045 0.354870 0.045853 0.084328
0 0.591445 0.446312 0.068217 0.175270
0 0.639078 0.601158 0.088445 0.196668
0 0.433872 0.326994 0.037621 0.079578
0 0.385695 0.480676 0.043342 0.160212
0 0.431154 0.514648 0.079120 0.191201
0 0.892810 0.423561 0.053393 0.239034
0 0.306312 0.415235 0.039742 0.135699
0 0.535083 0.407120 0.054489 0.112893
0 0.179650 0.878457 0.077967 0.223495
0 0.851354 0.403041 0.042128 0.227425
0 0.884796 0.646750 0.071579 0.263858
0 0.052800 0.521018 0.056465 0.166491
0 0.598503 0.291946 0.039633 0.113251
0 0.219305 0.944310 0.104775 0.111379
0 0.819786 0.820339 0.119218 0.344834
0 0.540162 0.268738 0.026963 0.126361
0 0.569632 0.276124 0.031838 0.090400
0 0.119869 0.595701 0.052349 0.161263
