0 0.347320 0.324507 0.044817 0.108934
0 0.506351 0.388698 0.028786 0.094698
0 0.472889 0.357955 0.036232 0.093467
0 0.914018 0.606153 0.068204 0.260908
0 0.432318 0.512792 0.080432 0.197778
0 0.379297 0.478140 0.044937 0.159484
0 0.631304 0.606139 0.096755 0.193820
0 0.779164 0.496231 0.078978 0.165689
0 0.827613 0.827022 0.122914 0.344273
0 0.430829 0.324203 0.043776 0.096475
0 0.537866 0.390730 0.049836 0.119408
0 0.071368 0.536869 0.046127 0.120838
0 0.317023 0.411635 0.049141 0.124584
0 0.156371 0.918994 0.077540 0.155749
0 0.054429 0.493842 0.036260 0.126284
0 0.570701 0.441923 0.064956 0.101484
0 0.290302 0.331665 0.037057 0.164288
0 0.131905 0.580093 0.067552 0.144457
0 0.599482 0.294249 0.041286 0.119551
0 0.540549 0.271997 0.036894 0.140788
