0 0.439335 0.518911 0.079371 0.197140
0 0.647283 0.515309 0.079845 0.277389
0 0.528490 0.405074 0.063811 0.130305
0 0.350986 0.321272 0.046272 0.107371
0 0.722462 0.558660 0.071907 0.136468
0 0.474729 0.357110 0.037242 0.097068
0 0.433228 0.323889 0.032090 0.089546
0 0.591011 0.420810 0.057828 0.140224
0 0.769880 0.489833 0.062591 0.122906
0 0.815910 0.814413 0.117698 0.347372
0 0.612504 0.293869 0.044721 0.102807
0 0.322128 0.421923 0.053521 0.152062
0 0.053505 0.520143 0.063627 0.168283
0 0.160121 0.875284 0.081870 0.134453
0 0.292252 0.356343 0.030122 0.082805
0 0.581051 0.280192 0.038066 0.101606
0 0.128571 0.560793 0.050767 0.108178
0 0.499059 0.378359 0.035941 0.077771
0 0.068685 0.537748 0.042641 0.119323
0 0.539389 0.267473 0.028046 0.132567
0 0.173798 0.902457 0.113639 0.194905
