0 0.790816 0.489555 0.088712 0.173108
0 0.644313 0.595548 0.105250 0.215802
0 0.885504 0.419881 0.054854 0.248375
0 0.597463 0.288547 0.040923 0.117317
0 0.434619 0.330830 0.040939 0.085754
0 0.549839 0.402069 0.049156 0.136250
0 0.425011 0.506556 0.072278 0.178190
0 0.182631 0.886006 0.078117 0.194138
0 0.844094 0.396729 0.059360 0.232578
0 0.310476 0.415030 0.045289 0.136954
0 0.594491 0.448500 0.061426 0.174072
0 0.479347 0.354801 0.031816 0.072552
0 0.705194 0.531375 0.050654 0.160148
0 0.384655 0.482161 0.041468 0.158982
0 0.539179 0.269126 0.032372 0.123712
0 0.888282 0.627052 0.082057 0.286988
0 0.050870 0.521921 0.058214 0.164172
0 0.065031 0.540647 0.039476 0.119509
0 0.574027 0.271110 0.021233 0.076087
0 0.124607 0.593595 0.048973 0.164034
0 0.227334 0.947044 0.080768 0.102644
