0 0.646932 0.590971 0.076059 0.190064
0 0.764193 0.500578 0.060123 0.150703
0 0.713615 0.540431 0.064920 0.167825
0 0.883282 0.636628 0.086109 0.268306
0 0.469145 0.364549 0.033108 0.079253
0 0.307268 0.411710 0.038330 0.143220
0 0.548410 0.404422 0.050479 0.122525
0 0.425621 0.515372 0.070790 0.173430
0 0.240776 0.927718 0.135585 0.144564
0 0.434440 0.331665 0.036500 0.074640
0 0.167230 0.916176 0.087996 0.162088
0 0.518329 0.381020 0.035695 0.102273
0 0.601462 0.287784 0.044669 0.118186
0 0.377684 0.452218 0.050547 0.121776
0 0.592155 0.496088 0.067680 0.275219
0 0.055875 0.544825 0.049999 0.116710
0 0.576418 0.277976 0.029459 0.098087
0 0.119460 0.614111 0.055400 0.209983
0 0.066640 0.485711 0.035148 0.120537
0 0.839635 0.759498 0.080086 0.212854
