0 0.770389 0.488655 0.053714 0.123276
0 0.725969 0.550290 0.079931 0.157672
0 0.420407 0.504877 0.072607 0.176084
0 0.504533 0.387596 0.039332 0.097859
0 0.548207 0.390704 0.050010 0.126470
0 0.351716 0.320324 0.049118 0.102551
0 0.316340 0.414553 0.051081 0.117630
0 0.060527 0.516365 0.059852 0.169700
0 0.553003 0.269098 0.041144 0.134115
0 0.378118 0.478812 0.042772 0.158541
0 0.188660 0.960643 0.083401 0.078714
0 0.173867 0.919331 0.095717 0.158344
0 0.885333 0.632101 0.065290 0.238298
0 0.635949 0.366540 0.054007 0.292493
0 0.582760 0.280383 0.040058 0.095891
0 0.825337 0.820181 0.123655 0.341561
0 0.569521 0.439031 0.065915 0.102935
0 0.127705 0.564150 0.055327 0.112693
0 0.613020 0.269908 0.030882 0.080968
0 0.068783 0.537678 0.044140 0.116581
0 0.456579 0.353843 0.060757 0.088153
