0 0.303177 0.422081 0.049999 0.137884
0 0.466648 0.364709 0.037723 0.087012
0 0.598533 0.289006 0.039641 0.116428
0 0.542339 0.400361 0.038041 0.114706
0 0.727697 0.541682 0.093809 0.163438
0 0.433737 0.521717 0.082970 0.199318
0 0.503653 0.385764 0.033319 0.098844
0 0.787962 0.489898 0.090638 0.139936
0 0.910170 0.622071 0.068300 0.233296
0 0.432963 0.332037 0.035961 0.093441
0 0.641955 0.572913 0.066754 0.156889
0 0.189927 0.962184 0.075312 0.075633
0 0.123767 0.573898 0.052895 0.121431
0 0.700976 0.419603 0.087028 0.204190
0 0.380876 0.480797 0.042255 0.154993
0 0.577149 0.505915 0.078633 0.260400
0 0.069252 0.539824 0.041407 0.115552
0 0.575622 0.274261 0.028149 0.093382
0 0.060673 0.514411 0.052538 0.167499
0 0.833326 0.734319 0.101446 0.145176
0 0.163978 0.916659 0.084451 0.153541
0 0.532690 0.271488 0.038108 0.129423
0 0.579109 0.448525 0.070157 0.142062
0 0.055612 0.490094 0.037578 0.116435
