0 0.780856 0.489726 0.070813 0.156842
0 0.721298 0.543797 0.058744 0.151917
0 0.254698 0.924902 0.089261 0.150195
0 0.618766 0.618140 0.077652 0.179736
0 0.134810 0.647039 0.069109 0.221224
0 0.072279 0.527166 0.052374 0.136692
0 0.305929 0.416452 0.034957 0.128630
0 0.585020 0.277872 0.033076 0.101240
0 0.039196 0.518972 0.036568 0.157145
0 0.167931 0.898056 0.089004 0.198874
0 0.385059 0.470731 0.087891 0.262620
0 0.572035 0.439417 0.070477 0.118318
0 0.438636 0.323943 0.044451 0.077224
0 0.873138 0.646621 0.083288 0.275750
0 0.550124 0.259810 0.035344 0.121100
0 0.540156 0.395331 0.039762 0.108391
0 0.617668 0.290560 0.045761 0.122831
0 0.479339 0.354578 0.031671 0.067182
