0 0.787454 0.492310 0.091458 0.155882
0 0.723345 0.542859 0.062784 0.152299
0 0.470980 0.360596 0.037376 0.093661
0 0.598950 0.289253 0.041844 0.116321
0 0.307163 0.415883 0.058904 0.132691
0 0.503866 0.387882 0.032822 0.098585
0 0.893320 0.621088 0.077167 0.270817
0 0.190139 0.963376 0.077667 0.073248
0 0.432918 0.327418 0.037976 0.075027
0 0.074229 0.538439 0.051110 0.116784
0 0.123917 0.580885 0.053430 0.145839
0 0.055939 0.493647 0.037506 0.124047
0 0.529281 0.522031 0.108894 0.406409
0 0.380073 0.448712 0.043094 0.135647
0 0.633330 0.576093 0.063706 0.156816
0 0.432241 0.526102 0.079342 0.227507
0 0.538094 0.264318 0.029708 0.132062
0 0.577023 0.276477 0.029251 0.096572
0 0.165123 0.918459 0.083898 0.140063
