0 0.650072 0.591013 0.098893 0.195140
0 0.555353 0.398030 0.048437 0.119480
0 0.715346 0.534298 0.066591 0.157401
0 0.598300 0.291091 0.041777 0.118327
0 0.470042 0.363725 0.035139 0.080023
0 0.769417 0.497012 0.069056 0.143209
0 0.436072 0.327973 0.039742 0.080419
0 0.429648 0.513677 0.075608 0.189528
0 0.882399 0.645040 0.083267 0.259273
0 0.376684 0.479060 0.045909 0.160336
0 0.164549 0.915168 0.091608 0.169663
0 0.311860 0.408215 0.041724 0.140154
0 0.827105 0.754461 0.087009 0.209601
0 0.218834 0.940103 0.088735 0.119794
0 0.589546 0.497447 0.070775 0.279350
0 0.518717 0.389263 0.033623 0.099599
0 0.066093 0.489875 0.044323 0.129113
0 0.116017 0.598330 0.049656 0.149215
0 0.575141 0.278611 0.027829 0.099081
0 0.052190 0.555988 0.049742 0.102293
