0 0.726564 0.545611 0.080541 0.161392
0 0.468060 0.352086 0.045811 0.102161
0 0.316561 0.414543 0.051379 0.118373
0 0.420808 0.503284 0.073213 0.174863
0 0.068131 0.538207 0.043839 0.120486
0 0.349957 0.322547 0.047628 0.102599
0 0.553495 0.388153 0.063167 0.126735
0 0.617438 0.284366 0.045384 0.113707
0 0.768336 0.501134 0.059324 0.106267
0 0.378900 0.479254 0.042398 0.157971
0 0.672965 0.331250 0.066955 0.248885
0 0.506177 0.386000 0.034521 0.091982
0 0.580597 0.279541 0.038253 0.104319
0 0.179582 0.885135 0.083089 0.165636
0 0.551270 0.272882 0.037850 0.137636
0 0.189288 0.959279 0.082826 0.081442
0 0.434823 0.334464 0.046521 0.067020
0 0.879815 0.629509 0.069398 0.214158
0 0.825773 0.819292 0.123911 0.335982
0 0.569836 0.444061 0.066370 0.098857
0 0.128435 0.563167 0.053775 0.110898
0 0.049684 0.486215 0.026221 0.123576
0 0.841561 0.662675 0.147375 0.275794
