0 0.713837 0.539810 0.062796 0.170466
0 0.647176 0.589178 0.076549 0.192033
0 0.787081 0.492457 0.088569 0.160504
0 0.597583 0.287312 0.041478 0.120715
0 0.549047 0.402396 0.049047 0.125611
0 0.503830 0.388620 0.033090 0.093114
0 0.434145 0.333262 0.036786 0.076903
0 0.466401 0.364444 0.030873 0.079238
0 0.429520 0.518618 0.074770 0.184283
0 0.885484 0.649853 0.085630 0.245310
0 0.308769 0.415334 0.042423 0.137497
0 0.068881 0.509840 0.050708 0.165249
0 0.587113 0.424942 0.061708 0.136340
0 0.120799 0.591231 0.056457 0.143838
0 0.586401 0.498220 0.062767 0.281759
0 0.839120 0.751874 0.075195 0.213067
0 0.386576 0.451403 0.028634 0.086874
0 0.380464 0.485123 0.040297 0.155395
