0 0.470188 0.361104 0.033968 0.074739
0 0.436050 0.328008 0.040575 0.082363
0 0.556274 0.394529 0.049030 0.129846
0 0.630634 0.584917 0.052254 0.169172
0 0.435239 0.514012 0.069529 0.189695
0 0.886174 0.638139 0.090128 0.260707
0 0.791963 0.483734 0.081830 0.167309
0 0.305376 0.418600 0.038448 0.129386
0 0.158565 0.907474 0.078550 0.165012
0 0.867144 0.414749 0.046764 0.244407
0 0.380232 0.480222 0.041313 0.165927
0 0.734255 0.529461 0.081195 0.159924
0 0.577805 0.278381 0.031204 0.102488
0 0.588533 0.498476 0.075386 0.284548
0 0.200249 0.939360 0.097246 0.121280
0 0.068645 0.537229 0.043267 0.119812
0 0.609593 0.318425 0.059037 0.156643
0 0.117912 0.598822 0.047656 0.148108
0 0.052731 0.519728 0.056601 0.163930
0 0.823370 0.810319 0.105033 0.321871
