0 0.217239 0.934339 0.097984 0.131321
0 0.473734 0.355085 0.044943 0.083336
0 0.636405 0.590521 0.093244 0.212885
0 0.893902 0.423396 0.052938 0.252080
0 0.881520 0.641095 0.084013 0.266460
0 0.388993 0.479939 0.056104 0.161866
0 0.431975 0.514369 0.069802 0.178260
0 0.052958 0.519778 0.060819 0.167966
0 0.535857 0.407677 0.054799 0.114210
0 0.163255 0.915897 0.089887 0.163052
0 0.816309 0.814365 0.113414 0.340314
0 0.315261 0.407518 0.043967 0.158808
0 0.850971 0.402426 0.039709 0.228103
0 0.590977 0.439229 0.067527 0.164648
0 0.419603 0.329594 0.071255 0.086464
0 0.121186 0.588774 0.045701 0.159315
0 0.064640 0.537732 0.043301 0.122711
0 0.576426 0.272026 0.028526 0.092688
0 0.607712 0.324935 0.064062 0.153420
0 0.547501 0.269023 0.042178 0.127579
