0 0.469632 0.359339 0.044170 0.092374
0 0.598607 0.288168 0.041340 0.117210
0 0.729805 0.538367 0.083212 0.161719
0 0.302860 0.419180 0.056063 0.129671
0 0.788530 0.488262 0.088258 0.146722
0 0.542169 0.400127 0.038937 0.118765
0 0.435431 0.326551 0.044606 0.076600
0 0.640213 0.578084 0.058500 0.152638
0 0.504671 0.387479 0.033097 0.096307
0 0.743216 0.401108 0.060779 0.170916
0 0.888341 0.632836 0.092648 0.283018
0 0.123455 0.579740 0.052768 0.138152
0 0.577374 0.504688 0.076508 0.255429
0 0.433749 0.530280 0.081588 0.220573
0 0.378471 0.450934 0.038251 0.135498
0 0.067680 0.544082 0.044609 0.107478
0 0.576395 0.276819 0.028095 0.097012
0 0.548986 0.273540 0.050766 0.145848
0 0.192027 0.958768 0.086125 0.082463
0 0.579001 0.447091 0.069407 0.140757
0 0.818393 0.815904 0.096759 0.331210
0 0.162841 0.914173 0.085120 0.151241
0 0.057439 0.489853 0.039822 0.115637
