0 0.776205 0.476540 0.067329 0.149609
0 0.417209 0.502786 0.071873 0.170536
0 0.725456 0.558139 0.072566 0.138552
0 0.621674 0.292185 0.040656 0.114114
0 0.501559 0.386420 0.041317 0.102949
0 0.315710 0.414663 0.050978 0.118243
0 0.350999 0.322124 0.049295 0.095804
0 0.473765 0.356745 0.034320 0.098283
0 0.377388 0.463073 0.038822 0.134737
0 0.068982 0.533012 0.048112 0.130363
0 0.569181 0.383553 0.042125 0.102159
0 0.547085 0.272736 0.046217 0.136890
0 0.184992 0.960891 0.094881 0.078217
0 0.174154 0.915866 0.093093 0.166110
0 0.672021 0.505547 0.074490 0.278221
0 0.824867 0.817612 0.112860 0.329616
0 0.581924 0.282102 0.040310 0.110078
0 0.428172 0.343811 0.038352 0.069516
0 0.056243 0.516755 0.048907 0.165536
0 0.126174 0.543412 0.058303 0.112092
0 0.572354 0.448125 0.060907 0.089319
0 0.852816 0.655241 0.106959 0.267383
