0 0.710579 0.543010 0.062622 0.168559
0 0.471999 0.358887 0.046234 0.094020
0 0.539569 0.401161 0.045510 0.129540
0 0.436836 0.326885 0.046830 0.097031
0 0.441769 0.514543 0.069031 0.198012
0 0.501819 0.388352 0.037759 0.095602
0 0.309485 0.417429 0.040536 0.128305
0 0.773251 0.500894 0.063898 0.157164
0 0.613187 0.601390 0.073353 0.225299
0 0.376712 0.478138 0.039990 0.159945
0 0.069043 0.538212 0.042295 0.119492
0 0.905122 0.632535 0.069440 0.256960
0 0.143184 0.591893 0.076637 0.178806
0 0.688093 0.454321 0.051868 0.316450
0 0.168113 0.908108 0.099400 0.166482
0 0.166435 0.951439 0.057180 0.097121
0 0.549670 0.275027 0.052100 0.147593
0 0.586784 0.420452 0.060361 0.148895
0 0.832591 0.826251 0.132256 0.337675
0 0.589613 0.483148 0.062829 0.269218
0 0.058732 0.516312 0.050047 0.167386
0 0.054808 0.488823 0.036772 0.111991
