0 0.787485 0.489537 0.092190 0.175905
0 0.346910 0.323658 0.045097 0.102378
0 0.619676 0.599729 0.088777 0.214403
0 0.472859 0.361039 0.037267 0.094490
0 0.316266 0.413893 0.052070 0.119618
0 0.697305 0.553280 0.079923 0.161450
0 0.425426 0.507004 0.073039 0.179761
0 0.381010 0.482151 0.044397 0.155208
0 0.541257 0.392937 0.047950 0.110993
0 0.548251 0.277583 0.049472 0.141727
0 0.858597 0.658738 0.120270 0.229548
0 0.625313 0.292962 0.041137 0.094769
0 0.505087 0.384717 0.029600 0.099077
0 0.844073 0.761528 0.088083 0.211256
0 0.421276 0.329818 0.043022 0.084551
0 0.038445 0.522969 0.035682 0.161419
0 0.569791 0.441627 0.063827 0.101840
0 0.144033 0.614134 0.092023 0.228574
0 0.583372 0.281259 0.038823 0.107946
0 0.069539 0.534030 0.049533 0.126685
