0 0.712146 0.532779 0.061965 0.151955
0 0.543086 0.404066 0.038812 0.124000
0 0.657638 0.585509 0.093389 0.181572
0 0.598761 0.288231 0.040536 0.118318
0 0.467612 0.364237 0.030030 0.079000
0 0.503875 0.386502 0.033819 0.099384
0 0.432945 0.516826 0.082668 0.187891
0 0.308937 0.418025 0.041614 0.121872
0 0.064727 0.540339 0.056935 0.123704
0 0.888099 0.649421 0.082839 0.252837
0 0.586363 0.431356 0.056904 0.123781
0 0.381034 0.483060 0.041448 0.152775
0 0.964770 0.530859 0.070461 0.291252
0 0.425729 0.329860 0.052637 0.080791
0 0.787549 0.487641 0.093516 0.171074
0 0.827200 0.751333 0.087218 0.216502
0 0.560352 0.514784 0.102179 0.288325
0 0.121765 0.589910 0.056449 0.143570
0 0.061062 0.475725 0.033703 0.107240
0 0.576348 0.278382 0.029173 0.099131
0 0.550603 0.275273 0.043458 0.143430
