0 0.434516 0.328944 0.043895 0.078516
0 0.633321 0.595951 0.084568 0.214359
0 0.715319 0.541984 0.069844 0.168020
0 0.597713 0.289722 0.044062 0.116262
0 0.541889 0.398944 0.051405 0.125224
0 0.398609 0.494647 0.068477 0.191472
0 0.778699 0.504299 0.065255 0.130868
0 0.310861 0.412372 0.041638 0.140203
0 0.437727 0.903963 0.109639 0.192074
0 0.593428 0.445601 0.062102 0.174778
0 0.041301 0.520608 0.039923 0.162245
0 0.845974 0.404740 0.064235 0.227636
0 0.550121 0.257578 0.028318 0.109495
0 0.148466 0.868305 0.093807 0.204458
0 0.480411 0.355758 0.034058 0.071287
0 0.122477 0.606286 0.062829 0.213400
0 0.811392 0.370379 0.052950 0.232469
0 0.069128 0.543226 0.039975 0.109566
0 0.574504 0.267485 0.025529 0.075929
0 0.878823 0.655377 0.088285 0.244001
