0 0.068776 0.538266 0.042882 0.119834
0 0.789843 0.484473 0.093029 0.156437
0 0.723405 0.537540 0.075581 0.146330
0 0.432389 0.518594 0.084973 0.191948
0 0.883578 0.634935 0.082516 0.262483
0 0.664708 0.474020 0.087371 0.224416
0 0.470189 0.366645 0.035290 0.085092
0 0.542338 0.398400 0.036660 0.118305
0 0.610756 0.289578 0.034622 0.110325
0 0.315196 0.413363 0.055117 0.151762
0 0.437357 0.330855 0.034183 0.087503
0 0.505112 0.390055 0.031502 0.093361
0 0.187930 0.964069 0.076079 0.071863
0 0.825173 0.754141 0.087554 0.209081
0 0.576211 0.505665 0.076648 0.258078
0 0.552475 0.275966 0.035329 0.143320
0 0.121917 0.591084 0.056177 0.143687
0 0.381243 0.482476 0.035734 0.153287
0 0.575809 0.276446 0.031673 0.098876
0 0.662917 0.570092 0.088855 0.153753
0 0.576019 0.444765 0.072228 0.134750
0 0.383493 0.449252 0.031473 0.087359
0 0.067526 0.481598 0.037889 0.111451
