0 0.470507 0.366898 0.036439 0.085068
0 0.790319 0.486111 0.090989 0.155505
0 0.720158 0.534075 0.073875 0.145785
0 0.503879 0.390333 0.033110 0.093156
0 0.435324 0.522250 0.083027 0.203570
0 0.889221 0.631522 0.079221 0.261312
0 0.542717 0.397411 0.037575 0.119860
0 0.304203 0.421206 0.057087 0.133271
0 0.067799 0.539908 0.041458 0.116521
0 0.187781 0.963287 0.077122 0.073426
0 0.160900 0.901245 0.083831 0.174477
0 0.826089 0.754291 0.088878 0.208100
0 0.434679 0.334090 0.039353 0.087362
0 0.672918 0.474572 0.076870 0.217477
0 0.576509 0.505841 0.076247 0.255706
0 0.121628 0.591565 0.055907 0.145348
0 0.380631 0.478618 0.039560 0.150458
0 0.552209 0.273479 0.035595 0.141255
0 0.664859 0.570612 0.088859 0.154897
0 0.578731 0.450031 0.067804 0.141998
