0 0.649333 0.596371 0.099596 0.198340
0 0.714804 0.536920 0.065769 0.159866
0 0.555125 0.397729 0.047555 0.125565
0 0.598052 0.289196 0.042308 0.117711
0 0.429912 0.513047 0.077123 0.187913
0 0.764147 0.481741 0.048743 0.167083
0 0.308041 0.408111 0.035804 0.141256
0 0.435233 0.334029 0.040783 0.069165
0 0.883097 0.644049 0.082518 0.256763
0 0.377582 0.481338 0.041887 0.163123
0 0.218342 0.940551 0.089003 0.118897
0 0.164028 0.913890 0.091346 0.170511
0 0.590178 0.498027 0.068543 0.280775
0 0.067476 0.494351 0.044358 0.131340
0 0.467527 0.364169 0.031272 0.079306
0 0.112729 0.598628 0.048338 0.150138
0 0.575275 0.278057 0.028215 0.099476
0 0.831634 0.752550 0.099667 0.198725
0 0.494084 0.371337 0.043669 0.091104
