0 0.713191 0.538276 0.062350 0.169057
0 0.598009 0.288179 0.041811 0.119554
0 0.786312 0.495142 0.087572 0.156025
0 0.646368 0.587653 0.076048 0.192246
0 0.301132 0.417588 0.044582 0.148217
0 0.549428 0.402546 0.048212 0.124726
0 0.434279 0.333053 0.036196 0.075332
0 0.502545 0.388820 0.035855 0.093506
0 0.466477 0.364293 0.030650 0.079672
0 0.429557 0.512171 0.080214 0.185249
0 0.884895 0.643165 0.084502 0.258476
0 0.586742 0.427398 0.061773 0.134179
0 0.121100 0.591790 0.056383 0.144897
0 0.068140 0.507092 0.047917 0.162047
0 0.380548 0.484163 0.037622 0.154346
0 0.586372 0.498776 0.063290 0.277058
0 0.840126 0.753157 0.076768 0.212500
0 0.385591 0.448341 0.026181 0.084015
0 0.829168 0.811708 0.106020 0.331929
0 0.177704 0.908927 0.128393 0.182145
