0 0.786814 0.491344 0.091521 0.180080
0 0.346377 0.323641 0.045066 0.102965
0 0.473826 0.358487 0.037551 0.094229
0 0.316141 0.413212 0.050337 0.122517
0 0.917873 0.601952 0.069893 0.247709
0 0.500172 0.380689 0.037048 0.085320
0 0.423889 0.504625 0.069908 0.179338
0 0.526136 0.394568 0.063297 0.122296
0 0.695608 0.550522 0.068991 0.166899
0 0.632065 0.575619 0.065201 0.183324
0 0.378314 0.479052 0.041659 0.159957
0 0.547139 0.276565 0.048635 0.143133
0 0.570295 0.436182 0.066159 0.114903
0 0.575727 0.274978 0.031096 0.095777
0 0.065605 0.535792 0.048340 0.127126
0 0.426841 0.334212 0.035080 0.069267
0 0.841509 0.763966 0.084380 0.207485
0 0.608959 0.291142 0.045604 0.113492
0 0.168795 0.881869 0.112889 0.236263
0 0.124639 0.577883 0.054914 0.135812
0 0.054694 0.486331 0.034611 0.108024
0 0.826475 0.828009 0.117675 0.341481
