0 0.705162 0.542833 0.060540 0.171781
0 0.767386 0.490278 0.051503 0.162339
0 0.872050 0.413731 0.058255 0.243021
0 0.386533 0.481113 0.049488 0.160069
0 0.552752 0.404787 0.048830 0.120923
0 0.596180 0.288764 0.042459 0.118974
0 0.436676 0.329049 0.042436 0.081129
0 0.182674 0.880591 0.075157 0.180179
0 0.305836 0.417846 0.040450 0.141717
0 0.635168 0.590958 0.090935 0.213651
0 0.436094 0.518142 0.070519 0.202938
0 0.876158 0.621908 0.088612 0.261224
0 0.740088 0.386836 0.069536 0.264080
0 0.057744 0.546267 0.049633 0.115199
0 0.479196 0.355068 0.032000 0.074081
0 0.594679 0.447275 0.061779 0.174776
0 0.540482 0.268800 0.028995 0.124234
0 0.824345 0.814588 0.107996 0.337657
0 0.222399 0.948477 0.084199 0.103046
0 0.116999 0.603109 0.054487 0.166799
0 0.034717 0.491600 0.025111 0.101092
