0 0.787493 0.491553 0.092479 0.180823
0 0.346600 0.325348 0.045167 0.101940
0 0.473405 0.359772 0.038753 0.091681
0 0.696518 0.551360 0.067285 0.169433
0 0.632142 0.597032 0.093310 0.211800
0 0.526005 0.395949 0.062729 0.120680
0 0.423547 0.505021 0.071136 0.179401
0 0.498567 0.379910 0.039275 0.086804
0 0.315831 0.413797 0.051121 0.120127
0 0.378480 0.477417 0.043381 0.161235
0 0.915134 0.602266 0.062672 0.249171
0 0.068299 0.537034 0.048908 0.122013
0 0.570030 0.437042 0.065287 0.113514
0 0.546802 0.276911 0.047731 0.142844
0 0.576075 0.275147 0.031010 0.094350
0 0.149348 0.849426 0.074387 0.186597
0 0.053845 0.485251 0.033116 0.107543
0 0.426983 0.333563 0.034910 0.069271
0 0.841510 0.764034 0.084280 0.207174
0 0.825646 0.827056 0.116931 0.339181
0 0.129858 0.563473 0.063440 0.111837
0 0.183512 0.957525 0.077229 0.084950
