0 0.469881 0.358203 0.043666 0.094258
0 0.538861 0.394065 0.048423 0.118235
0 0.442007 0.517648 0.075598 0.194669
0 0.433688 0.323756 0.044456 0.091664
0 0.317599 0.413225 0.050957 0.122963
0 0.776143 0.506209 0.075706 0.146505
0 0.632025 0.606246 0.097830 0.198215
0 0.376974 0.477993 0.041956 0.158029
0 0.926397 0.607943 0.067226 0.279858
0 0.336893 0.296136 0.043918 0.160584
0 0.071234 0.538189 0.045259 0.119815
0 0.827940 0.828178 0.121334 0.340377
0 0.503065 0.390321 0.036870 0.094026
0 0.054593 0.494249 0.035777 0.127023
0 0.114868 0.592240 0.072992 0.183215
0 0.569910 0.438714 0.064876 0.108249
0 0.272487 0.365246 0.047805 0.249339
0 0.540090 0.272169 0.034135 0.139070
0 0.158982 0.925129 0.074990 0.145376
