0 0.785845 0.491181 0.089362 0.175337
0 0.419106 0.503972 0.073386 0.174468
0 0.316750 0.414155 0.051872 0.117650
0 0.527438 0.392087 0.063423 0.119651
0 0.474746 0.356751 0.039808 0.090690
0 0.909188 0.612166 0.074867 0.269515
0 0.496458 0.379375 0.043199 0.080239
0 0.351262 0.322273 0.050991 0.104970
0 0.631625 0.587331 0.072493 0.210694
0 0.687971 0.556684 0.070555 0.164203
0 0.376382 0.477959 0.039108 0.159030
0 0.547860 0.276581 0.046283 0.142661
0 0.569846 0.436444 0.065993 0.114621
0 0.067875 0.535555 0.044013 0.124407
0 0.174369 0.911873 0.096888 0.164710
0 0.624924 0.291854 0.040095 0.097919
0 0.842210 0.756671 0.080930 0.211743
0 0.189745 0.955180 0.092010 0.089639
0 0.582267 0.280701 0.040351 0.106650
0 0.427028 0.345384 0.040785 0.068830
0 0.053658 0.494173 0.034648 0.123218
