0 0.913946 0.624286 0.070507 0.246791
0 0.775468 0.499541 0.118876 0.180516
0 0.615048 0.602193 0.098086 0.208870
0 0.378628 0.478102 0.043040 0.157506
0 0.473322 0.360505 0.041771 0.093700
0 0.350716 0.323273 0.048197 0.098551
0 0.314783 0.414082 0.054038 0.121141
0 0.431420 0.512997 0.080684 0.194828
0 0.506328 0.390431 0.029312 0.095115
0 0.829637 0.828373 0.125837 0.342542
0 0.621732 0.293571 0.041153 0.106199
0 0.428556 0.328001 0.028692 0.079954
0 0.141535 0.589239 0.079649 0.170686
0 0.069669 0.535474 0.041680 0.124432
0 0.549526 0.273793 0.051784 0.136784
0 0.552706 0.383107 0.046075 0.106532
0 0.569960 0.445406 0.066200 0.097789
0 0.189293 0.966494 0.076907 0.067012
0 0.056007 0.487383 0.037707 0.110193
0 0.157978 0.923713 0.074954 0.143669
0 0.580651 0.272042 0.035426 0.094087
