0 0.471976 0.362790 0.036554 0.089628
0 0.753728 0.498748 0.078824 0.192553
0 0.354498 0.323233 0.045639 0.098658
0 0.506274 0.387081 0.029755 0.090378
0 0.539000 0.395183 0.047871 0.115349
0 0.627717 0.602471 0.084238 0.212452
0 0.430814 0.513425 0.080586 0.194695
0 0.070609 0.536697 0.044041 0.121281
0 0.380031 0.479602 0.046509 0.156075
0 0.914738 0.609650 0.070732 0.255201
0 0.621388 0.295155 0.040279 0.109677
0 0.317019 0.413808 0.046429 0.118349
0 0.827182 0.828081 0.121973 0.343838
0 0.427853 0.327612 0.027424 0.079864
0 0.569986 0.437692 0.065543 0.111196
0 0.054962 0.494510 0.036895 0.126353
0 0.283219 0.324737 0.026619 0.148432
0 0.580236 0.269740 0.033158 0.091607
0 0.548558 0.274246 0.050531 0.142227
0 0.131444 0.584464 0.067801 0.156179
