0 0.437329 0.328081 0.041530 0.080120
0 0.472841 0.353947 0.043952 0.087122
0 0.553329 0.402059 0.049101 0.128349
0 0.384408 0.480385 0.045596 0.157458
0 0.871786 0.412721 0.064176 0.232198
0 0.596779 0.290004 0.040929 0.114396
0 0.181493 0.892806 0.074368 0.198717
0 0.634862 0.599962 0.092672 0.198778
0 0.428338 0.514606 0.078905 0.192195
0 0.835183 0.399142 0.046147 0.234562
0 0.714317 0.546438 0.068714 0.157848
0 0.768179 0.501559 0.073327 0.145049
0 0.307825 0.413813 0.036761 0.135697
0 0.595008 0.445933 0.061331 0.173054
0 0.876766 0.635952 0.078854 0.266032
0 0.809784 0.835141 0.104422 0.311263
0 0.539350 0.268111 0.027728 0.124132
0 0.230288 0.945323 0.074634 0.109354
0 0.119039 0.595776 0.050889 0.158802
0 0.054450 0.521092 0.059437 0.167405
0 0.050081 0.489923 0.048061 0.103440
