0 0.791119 0.434919 0.063138 0.209090
0 0.591164 0.445668 0.068665 0.176681
0 0.639480 0.599624 0.090855 0.204399
0 0.472647 0.354775 0.046257 0.083433
0 0.893035 0.422849 0.052880 0.257361
0 0.726663 0.485281 0.061868 0.225251
0 0.430571 0.514674 0.076140 0.193537
0 0.381904 0.481523 0.049668 0.159474
0 0.305961 0.419306 0.039922 0.134992
0 0.852603 0.405172 0.040131 0.231366
0 0.535640 0.407044 0.054618 0.111626
0 0.817754 0.817189 0.116031 0.335394
0 0.436823 0.329322 0.046932 0.075151
0 0.906870 0.615159 0.068995 0.275107
0 0.572200 0.277047 0.030865 0.096709
0 0.210535 0.939973 0.083583 0.120054
0 0.058031 0.520930 0.065254 0.167643
0 0.157394 0.894304 0.101358 0.199024
0 0.610536 0.299464 0.058732 0.109109
