0 0.779986 0.488563 0.072810 0.164620
0 0.706677 0.541361 0.049996 0.162535
0 0.435512 0.331977 0.038862 0.098290
0 0.598122 0.288948 0.044388 0.120689
0 0.123056 0.624266 0.061669 0.208610
0 0.590130 0.445055 0.063984 0.172359
0 0.212176 0.929291 0.114715 0.141418
0 0.623037 0.608670 0.082389 0.201828
0 0.547958 0.392774 0.047339 0.134859
0 0.309822 0.415897 0.042775 0.138934
0 0.398563 0.495193 0.067995 0.192700
0 0.049801 0.521798 0.056420 0.167130
0 0.149585 0.846779 0.084882 0.182416
0 0.888235 0.636122 0.072493 0.269131
0 0.480406 0.357713 0.034460 0.067298
0 0.552575 0.259754 0.030290 0.117397
0 0.771517 0.854017 0.101304 0.291966
