0 0.645515 0.590311 0.074186 0.190103
0 0.764062 0.502142 0.059796 0.151765
0 0.713228 0.539157 0.064591 0.170264
0 0.468848 0.364772 0.033053 0.078595
0 0.434092 0.329279 0.037286 0.079842
0 0.548518 0.404155 0.051023 0.122120
0 0.599430 0.287736 0.044430 0.119777
0 0.430713 0.515223 0.074842 0.188761
0 0.240943 0.926620 0.136827 0.146759
0 0.167329 0.914453 0.087824 0.167570
0 0.882916 0.639503 0.081831 0.264095
0 0.311637 0.408406 0.040081 0.138281
0 0.382583 0.476269 0.054247 0.165237
0 0.517917 0.381846 0.034878 0.100447
0 0.591790 0.496280 0.067451 0.280756
0 0.070439 0.505285 0.050529 0.160422
0 0.575398 0.278376 0.028373 0.098824
0 0.839332 0.760122 0.079556 0.210857
0 0.054020 0.550544 0.049325 0.107378
0 0.829614 0.815315 0.106884 0.321664
