0 0.787564 0.491351 0.091871 0.178598
0 0.696396 0.544911 0.069594 0.171791
0 0.316778 0.413284 0.051360 0.120760
0 0.525236 0.397990 0.063861 0.116691
0 0.471350 0.353238 0.039401 0.093054
0 0.348819 0.323129 0.047112 0.099718
0 0.547170 0.277138 0.048669 0.142911
0 0.919775 0.606360 0.070851 0.263909
0 0.422258 0.501988 0.072114 0.174409
0 0.068217 0.533374 0.045921 0.128419
0 0.179691 0.924954 0.085253 0.150092
0 0.498808 0.379847 0.036609 0.077184
0 0.570775 0.436882 0.066205 0.113018
0 0.625010 0.290244 0.040502 0.094510
0 0.582161 0.281565 0.040248 0.107590
0 0.431572 0.338933 0.036143 0.080626
0 0.128950 0.563378 0.062198 0.109022
0 0.372806 0.548889 0.079537 0.389185
0 0.827643 0.824004 0.118279 0.332202
0 0.841300 0.762709 0.085218 0.208142
0 0.184815 0.961576 0.090284 0.076848
