0 0.597620 0.287573 0.041080 0.118408
0 0.658061 0.588043 0.095913 0.186175
0 0.788253 0.493158 0.092324 0.162967
0 0.543239 0.403124 0.037842 0.125853
0 0.715672 0.530832 0.062091 0.155501
0 0.433810 0.333106 0.036595 0.075609
0 0.503215 0.386709 0.034372 0.097045
0 0.430388 0.519516 0.078002 0.188845
0 0.884157 0.642340 0.084181 0.256618
0 0.307956 0.414806 0.040585 0.121378
0 0.465930 0.364516 0.031931 0.080231
0 0.585109 0.430975 0.057307 0.122761
0 0.559962 0.515150 0.102394 0.289492
0 0.121442 0.590913 0.057105 0.144109
0 0.839496 0.752163 0.077594 0.214916
0 0.068527 0.483275 0.043716 0.118363
0 0.054226 0.547983 0.046184 0.111482
0 0.381499 0.465759 0.037621 0.113769
