0 0.714122 0.539075 0.064175 0.163366
0 0.762113 0.485581 0.058580 0.160547
0 0.433988 0.330070 0.038435 0.086410
0 0.502272 0.382090 0.034838 0.088211
0 0.439112 0.516904 0.075951 0.183869
0 0.468565 0.365855 0.037652 0.085171
0 0.648205 0.580016 0.066029 0.158652
0 0.315939 0.413913 0.047607 0.121719
0 0.188184 0.963293 0.076889 0.073414
0 0.537631 0.390012 0.064772 0.130892
0 0.373776 0.487823 0.053720 0.158645
0 0.603341 0.294229 0.047160 0.116539
0 0.111161 0.623966 0.066411 0.198111
0 0.917742 0.606059 0.067574 0.263924
0 0.161906 0.914182 0.084884 0.149580
0 0.576672 0.272891 0.027920 0.096904
0 0.064037 0.543041 0.036329 0.112505
0 0.575713 0.502883 0.079332 0.248860
0 0.241945 0.559931 0.065158 0.374469
0 0.541599 0.266016 0.036722 0.127698
0 0.058993 0.486594 0.041631 0.106252
0 0.578812 0.445572 0.071833 0.137068
0 0.841937 0.761352 0.086842 0.208066
