0 0.462960 0.357328 0.042531 0.097840
0 0.730296 0.539067 0.085373 0.161575
0 0.788630 0.487611 0.087754 0.145068
0 0.598384 0.288702 0.042267 0.115290
0 0.541990 0.400596 0.039168 0.118642
0 0.302894 0.418723 0.056558 0.127931
0 0.504204 0.387270 0.033928 0.096193
0 0.721300 0.419803 0.071527 0.198550
0 0.888063 0.630155 0.084423 0.259662
0 0.123210 0.580523 0.052896 0.139723
0 0.434235 0.532653 0.080678 0.231708
0 0.578570 0.506007 0.077562 0.257700
0 0.429439 0.326221 0.033738 0.076226
0 0.061834 0.515383 0.050163 0.165783
0 0.835387 0.753703 0.079848 0.201679
0 0.381198 0.448144 0.038549 0.136930
0 0.632241 0.573815 0.066463 0.157026
0 0.575930 0.277465 0.025822 0.093255
0 0.191357 0.959407 0.085864 0.081187
0 0.580154 0.446979 0.067518 0.139163
0 0.549567 0.273016 0.051943 0.145088
0 0.161212 0.915439 0.083220 0.155022
