0 0.787480 0.491297 0.092442 0.180191
0 0.698492 0.555051 0.066826 0.180809
0 0.382147 0.478346 0.045333 0.157639
0 0.630725 0.601679 0.100217 0.217547
0 0.072470 0.535533 0.045502 0.122456
0 0.624081 0.291855 0.040234 0.101952
0 0.315295 0.413892 0.053846 0.121664
0 0.348973 0.324294 0.050818 0.098802
0 0.429233 0.511861 0.077291 0.191409
0 0.544412 0.277191 0.043468 0.143563
0 0.054292 0.495521 0.035495 0.129248
0 0.424663 0.330799 0.035784 0.082699
0 0.544172 0.384435 0.044187 0.096438
0 0.843944 0.757734 0.083582 0.214260
0 0.569624 0.443598 0.065452 0.098713
0 0.175968 0.924872 0.102866 0.150257
0 0.577473 0.274429 0.042456 0.103534
0 0.134508 0.562347 0.069598 0.125553
0 0.471911 0.356383 0.032869 0.084925
0 0.888690 0.629138 0.049326 0.190258
0 0.857719 0.641218 0.112590 0.225386
0 0.140083 0.613743 0.086067 0.230706
