0 0.657950 0.587096 0.092639 0.180743
0 0.786665 0.493051 0.093446 0.170505
0 0.543015 0.404206 0.038865 0.124370
0 0.598327 0.288260 0.041239 0.118768
0 0.712014 0.530562 0.059167 0.153073
0 0.434454 0.333774 0.036172 0.073900
0 0.436807 0.521956 0.075722 0.183262
0 0.827744 0.751666 0.086540 0.211084
0 0.504068 0.386491 0.033569 0.099436
0 0.466957 0.364361 0.032873 0.080928
0 0.308807 0.417889 0.040359 0.120417
0 0.585890 0.430380 0.057218 0.123785
0 0.889546 0.655619 0.080262 0.237697
0 0.559924 0.514401 0.101318 0.288758
0 0.063833 0.540923 0.054332 0.124212
0 0.121907 0.590209 0.056304 0.143741
0 0.383690 0.483709 0.047459 0.156553
0 0.066817 0.479815 0.039575 0.110579
0 0.575313 0.275607 0.029846 0.098066
0 0.389783 0.452927 0.034313 0.093650
