0 0.466686 0.365517 0.038029 0.086610
0 0.068913 0.539495 0.041411 0.116776
0 0.599205 0.290470 0.039827 0.114808
0 0.302295 0.416698 0.056518 0.126328
0 0.787898 0.496595 0.089698 0.133697
0 0.730778 0.538745 0.082889 0.160188
0 0.502129 0.386652 0.035128 0.098853
0 0.825087 0.751892 0.086617 0.203355
0 0.432869 0.332132 0.036035 0.092324
0 0.430103 0.520987 0.089495 0.199597
0 0.908916 0.618467 0.081755 0.276138
0 0.667252 0.576786 0.073579 0.143975
0 0.573945 0.270198 0.029026 0.094668
0 0.552930 0.262918 0.033116 0.110986
0 0.541312 0.391705 0.035367 0.127047
0 0.124405 0.573171 0.053909 0.121242
0 0.563061 0.515252 0.073972 0.394669
0 0.050465 0.486654 0.036451 0.118393
0 0.377492 0.479802 0.038021 0.154729
