0 0.070574 0.536886 0.046170 0.123150
0 0.432092 0.519027 0.086755 0.191335
0 0.789659 0.485167 0.090959 0.155286
0 0.542093 0.399279 0.037374 0.117229
0 0.722879 0.535187 0.073713 0.149489
0 0.469785 0.366462 0.036291 0.086116
0 0.665293 0.469497 0.090002 0.213210
0 0.504980 0.389550 0.031315 0.092720
0 0.882466 0.636220 0.082228 0.265747
0 0.315199 0.413054 0.053161 0.145951
0 0.604303 0.289240 0.041912 0.113816
0 0.825047 0.753813 0.087476 0.208865
0 0.187848 0.963739 0.077450 0.072521
0 0.437699 0.331495 0.033823 0.086734
0 0.574429 0.273186 0.029830 0.097521
0 0.578049 0.505692 0.075531 0.255800
0 0.122046 0.590559 0.056041 0.143492
0 0.552067 0.273390 0.034128 0.139630
0 0.662663 0.572331 0.090097 0.152683
0 0.380331 0.480041 0.037654 0.153916
0 0.578734 0.440611 0.068863 0.124765
0 0.067417 0.481147 0.037290 0.113159
