0 0.598676 0.287856 0.041765 0.117881
0 0.462130 0.357079 0.043014 0.097221
0 0.730154 0.538360 0.085032 0.162825
0 0.302857 0.417813 0.055400 0.128862
0 0.788479 0.487632 0.088098 0.145220
0 0.542480 0.399354 0.040098 0.120363
0 0.503925 0.387282 0.034457 0.096949
0 0.731824 0.412127 0.052587 0.195558
0 0.885223 0.634794 0.086467 0.267541
0 0.123598 0.580317 0.052870 0.140093
0 0.434632 0.533635 0.079895 0.230108
0 0.429606 0.326711 0.034580 0.079073
0 0.577695 0.506196 0.077294 0.256953
0 0.635625 0.576167 0.061107 0.155696
0 0.828002 0.754502 0.082574 0.212470
0 0.190485 0.959879 0.082929 0.080243
0 0.376517 0.452583 0.052434 0.143379
0 0.160815 0.914221 0.083579 0.155305
0 0.068400 0.543044 0.042216 0.110630
0 0.580370 0.447360 0.067185 0.139423
0 0.548519 0.274046 0.051097 0.140129
0 0.056793 0.494785 0.038647 0.123894
