0 0.727574 0.552214 0.079045 0.150066
0 0.617707 0.286429 0.043973 0.113984
0 0.568383 0.433510 0.057327 0.117719
0 0.421467 0.508632 0.071125 0.164393
0 0.909147 0.628682 0.072223 0.254894
0 0.352941 0.317557 0.045538 0.102764
0 0.505384 0.388691 0.035500 0.097987
0 0.541630 0.388937 0.039728 0.127267
0 0.061619 0.510562 0.060728 0.179152
0 0.581286 0.279671 0.038713 0.103041
0 0.383264 0.466104 0.044373 0.170395
0 0.430588 0.330914 0.036187 0.065385
0 0.189459 0.961214 0.081906 0.077571
0 0.172798 0.913880 0.093967 0.162377
0 0.551242 0.269225 0.037412 0.133056
0 0.334416 0.414768 0.044915 0.088259
0 0.819090 0.726202 0.104533 0.203718
0 0.783494 0.513066 0.069661 0.081767
0 0.460531 0.372745 0.049278 0.072329
0 0.069264 0.538366 0.045344 0.117818
0 0.305673 0.398247 0.035590 0.080629
