0 0.792316 0.481286 0.082138 0.146306
0 0.068720 0.538459 0.044029 0.124451
0 0.723128 0.556128 0.079881 0.145031
0 0.901994 0.499251 0.065176 0.144964
0 0.417610 0.503562 0.077863 0.182393
0 0.539907 0.399157 0.045526 0.133706
0 0.352555 0.319928 0.046679 0.096064
0 0.471591 0.353725 0.033777 0.093434
0 0.816463 0.813205 0.115067 0.350201
0 0.179923 0.877411 0.081890 0.147478
0 0.536132 0.297916 0.068322 0.166378
0 0.129115 0.556838 0.052238 0.102281
0 0.500407 0.388979 0.036618 0.095611
0 0.614531 0.293917 0.044188 0.113662
0 0.591671 0.423061 0.059243 0.150451
0 0.578654 0.281271 0.034220 0.109242
0 0.432183 0.327279 0.035607 0.072301
0 0.198455 0.955666 0.073389 0.088668
0 0.543015 0.228836 0.017534 0.056394
0 0.291868 0.353817 0.031365 0.079451
0 0.317593 0.424679 0.054056 0.147830
0 0.589102 0.487328 0.063838 0.270633
