0 0.776952 0.496771 0.060961 0.107891
0 0.547717 0.389285 0.050690 0.128357
0 0.729714 0.547652 0.075151 0.154007
0 0.069175 0.539525 0.043181 0.115918
0 0.618129 0.286257 0.044931 0.116856
0 0.505161 0.387480 0.037443 0.097075
0 0.421347 0.503683 0.070037 0.175420
0 0.351941 0.322734 0.050126 0.096987
0 0.385381 0.465614 0.044232 0.168945
0 0.315866 0.414587 0.053417 0.118638
0 0.670671 0.540947 0.079726 0.247976
0 0.895008 0.617793 0.102807 0.277703
0 0.553175 0.270002 0.041766 0.135220
0 0.187886 0.961028 0.085779 0.077945
0 0.130012 0.561053 0.056161 0.108114
0 0.173580 0.920509 0.094910 0.156376
0 0.826552 0.733489 0.119144 0.134206
0 0.051418 0.490589 0.034098 0.122827
0 0.582037 0.281979 0.040048 0.098861
0 0.454201 0.359036 0.061831 0.099252
0 0.568890 0.446992 0.066096 0.091049
