0 0.770409 0.481514 0.058405 0.131259
0 0.417884 0.502949 0.072882 0.172186
0 0.540750 0.391881 0.040143 0.116368
0 0.727902 0.550298 0.081800 0.154063
0 0.617779 0.286400 0.044322 0.114573
0 0.350331 0.324471 0.046034 0.110604
0 0.504188 0.388280 0.036911 0.096018
0 0.906728 0.632981 0.067648 0.239650
0 0.068376 0.538431 0.045644 0.120247
0 0.460034 0.369555 0.044847 0.085567
0 0.551634 0.275130 0.039928 0.142418
0 0.578489 0.481175 0.089033 0.271399
0 0.581540 0.279072 0.039419 0.102643
0 0.173781 0.912837 0.094842 0.166192
0 0.379547 0.464055 0.041419 0.165473
0 0.187926 0.960188 0.081584 0.079625
0 0.055966 0.486490 0.041088 0.138145
0 0.311521 0.397850 0.047612 0.082636
0 0.320698 0.484746 0.067997 0.164053
0 0.823632 0.736135 0.114943 0.176397
0 0.128111 0.573196 0.051876 0.127870
