0 0.780447 0.502340 0.069772 0.134782
0 0.434494 0.326985 0.039660 0.082018
0 0.442065 0.520197 0.074048 0.195824
0 0.470238 0.366080 0.037296 0.085587
0 0.537074 0.394940 0.042664 0.118796
0 0.313628 0.414497 0.046475 0.122970
0 0.716043 0.551025 0.063945 0.141511
0 0.624299 0.459941 0.096551 0.248535
0 0.908191 0.614859 0.065043 0.250656
0 0.376359 0.479239 0.035961 0.153924
0 0.068273 0.538373 0.041434 0.118374
0 0.507504 0.382087 0.031490 0.103131
0 0.652325 0.578631 0.067013 0.159847
0 0.820116 0.818979 0.110161 0.342876
0 0.548071 0.275589 0.049015 0.149598
0 0.186466 0.962837 0.074358 0.074327
0 0.136783 0.613640 0.083609 0.230080
0 0.601645 0.302658 0.053146 0.111300
0 0.054653 0.494161 0.037658 0.124968
0 0.567809 0.442164 0.065036 0.094812
0 0.131741 0.566572 0.070757 0.132720
0 0.568325 0.263333 0.028419 0.078479
