0 0.503114 0.387946 0.046396 0.102453
0 0.418997 0.503501 0.071272 0.172448
0 0.347200 0.324751 0.047068 0.105588
0 0.477272 0.352312 0.042423 0.098537
0 0.059213 0.515114 0.057087 0.169346
0 0.579741 0.282256 0.034887 0.111503
0 0.317190 0.413061 0.052724 0.121869
0 0.784989 0.475719 0.099052 0.138331
0 0.914726 0.506407 0.047834 0.147138
0 0.818284 0.818296 0.112340 0.332752
0 0.889562 0.654688 0.080880 0.269706
0 0.616037 0.286704 0.044576 0.119358
0 0.378952 0.467705 0.043403 0.138517
0 0.430880 0.341385 0.046204 0.074172
0 0.183042 0.959315 0.088904 0.081369
0 0.174961 0.912063 0.088509 0.164312
0 0.573111 0.382294 0.035538 0.103800
0 0.549543 0.268520 0.036848 0.133860
0 0.143160 0.613960 0.089393 0.222659
0 0.570610 0.446356 0.068418 0.095583
0 0.129169 0.565239 0.060534 0.120974
