0 0.472582 0.354834 0.044896 0.084258
0 0.385235 0.479818 0.044643 0.159499
0 0.591391 0.445356 0.068383 0.177523
0 0.734547 0.524870 0.062981 0.171930
0 0.433786 0.328135 0.038096 0.081662
0 0.638821 0.601114 0.089411 0.199736
0 0.427960 0.513823 0.075799 0.188172
0 0.893176 0.417838 0.052584 0.247420
0 0.306016 0.416989 0.038721 0.137300
0 0.535689 0.407414 0.054396 0.114907
0 0.882265 0.635141 0.082627 0.277032
0 0.178456 0.859743 0.075745 0.188968
0 0.851514 0.403199 0.041537 0.228183
0 0.218319 0.936881 0.101200 0.126237
0 0.598275 0.292083 0.039910 0.114754
0 0.770363 0.480349 0.050798 0.160754
0 0.052799 0.521019 0.055142 0.166937
0 0.539782 0.266504 0.025890 0.121152
0 0.820998 0.816049 0.119572 0.336792
0 0.120863 0.592254 0.048230 0.159840
0 0.570872 0.275636 0.029226 0.090257
