0 0.705891 0.541119 0.059139 0.168019
0 0.635952 0.594356 0.087918 0.205148
0 0.772597 0.496010 0.054737 0.143359
0 0.596450 0.289035 0.040732 0.116761
0 0.386581 0.480657 0.051655 0.159937
0 0.439724 0.519083 0.077593 0.198069
0 0.182628 0.880007 0.074581 0.179258
0 0.879693 0.412401 0.061377 0.235565
0 0.552204 0.404804 0.049281 0.122762
0 0.879312 0.629826 0.088853 0.268089
0 0.306375 0.419040 0.041156 0.143317
0 0.434943 0.331472 0.041182 0.085706
0 0.843212 0.397357 0.046159 0.235827
0 0.478504 0.360196 0.030081 0.064048
0 0.540801 0.268347 0.031128 0.124579
0 0.050749 0.522507 0.062617 0.164513
0 0.116357 0.606252 0.053826 0.170509
0 0.594396 0.447056 0.060963 0.174241
0 0.830857 0.827744 0.115974 0.331630
0 0.221480 0.948044 0.085007 0.103911
