0 0.543029 0.404337 0.039029 0.124839
0 0.597867 0.287672 0.040635 0.118649
0 0.657247 0.586179 0.095148 0.184327
0 0.708856 0.534790 0.057269 0.150193
0 0.788611 0.493672 0.095401 0.174089
0 0.437243 0.520920 0.080847 0.184359
0 0.467536 0.364162 0.029724 0.078436
0 0.829107 0.427921 0.052512 0.179552
0 0.503481 0.386210 0.034841 0.099632
0 0.884418 0.646554 0.090444 0.259464
0 0.308209 0.411760 0.041021 0.135834
0 0.424401 0.326896 0.051293 0.082670
0 0.586096 0.430708 0.055464 0.120729
0 0.559657 0.516583 0.101305 0.289545
0 0.063952 0.540380 0.053129 0.120361
0 0.830323 0.749983 0.085039 0.218736
0 0.121926 0.590578 0.055958 0.143470
0 0.384138 0.483123 0.042684 0.155230
0 0.067621 0.485461 0.044373 0.128474
0 0.388439 0.454054 0.034490 0.096062
