0 0.468980 0.358316 0.037884 0.090882
0 0.437292 0.326768 0.038866 0.090653
0 0.776156 0.498750 0.069730 0.160916
0 0.543867 0.390527 0.049738 0.112016
0 0.441103 0.516369 0.077847 0.193946
0 0.069547 0.538855 0.043555 0.119588
0 0.257153 0.427744 0.083576 0.303557
0 0.630139 0.600308 0.082136 0.207046
0 0.913982 0.607796 0.073983 0.267181
0 0.315690 0.415575 0.041777 0.118564
0 0.376269 0.477550 0.040643 0.158687
0 0.498922 0.386682 0.037970 0.098802
0 0.185900 0.962020 0.073370 0.075961
0 0.827824 0.824258 0.123399 0.337847
0 0.570427 0.437719 0.065991 0.110864
0 0.548766 0.276040 0.050874 0.148464
0 0.144777 0.615430 0.093424 0.226882
0 0.667686 0.533107 0.073411 0.217538
0 0.053997 0.487059 0.033615 0.112266
0 0.060436 0.515513 0.052413 0.170072
0 0.156793 0.918350 0.072956 0.148214
