0 0.717559 0.539972 0.063581 0.163063
0 0.646829 0.581237 0.066287 0.162666
0 0.470031 0.366737 0.036702 0.085444
0 0.756358 0.480700 0.048346 0.154595
0 0.502070 0.386656 0.036736 0.098103
0 0.438483 0.516456 0.077666 0.183597
0 0.433448 0.328616 0.039588 0.084273
0 0.626850 0.461255 0.085002 0.242013
0 0.549282 0.395052 0.049367 0.109210
0 0.187608 0.963500 0.078137 0.073001
0 0.379678 0.477773 0.049080 0.156780
0 0.313142 0.415440 0.046239 0.119783
0 0.920105 0.601715 0.066818 0.263259
0 0.068894 0.536895 0.042997 0.120592
0 0.162326 0.913052 0.083002 0.141987
0 0.824351 0.821079 0.117246 0.332787
0 0.603550 0.296769 0.039571 0.124436
0 0.549113 0.273179 0.051358 0.143822
0 0.139209 0.613975 0.085283 0.227808
0 0.050308 0.492531 0.031937 0.119784
0 0.132512 0.567057 0.071604 0.130036
0 0.575146 0.281555 0.033346 0.116505
