0 0.784383 0.501805 0.102944 0.150198
0 0.434944 0.329855 0.041268 0.085217
0 0.635350 0.592060 0.090530 0.219721
0 0.597445 0.288410 0.041703 0.117899
0 0.539883 0.402151 0.052746 0.134570
0 0.426022 0.508245 0.073314 0.175542
0 0.721372 0.535804 0.065186 0.176949
0 0.312177 0.412096 0.044389 0.128365
0 0.182947 0.883805 0.075346 0.188884
0 0.880552 0.414870 0.064164 0.231439
0 0.595207 0.447860 0.059879 0.175205
0 0.386699 0.482596 0.041965 0.158591
0 0.851409 0.415659 0.066499 0.199128
0 0.475374 0.346724 0.037271 0.082416
0 0.050494 0.518884 0.057133 0.163899
0 0.227407 0.948075 0.080150 0.103851
0 0.545471 0.268698 0.039612 0.125756
0 0.124719 0.591240 0.050384 0.169127
0 0.879292 0.609583 0.076578 0.210963
0 0.061587 0.537596 0.043514 0.119365
