0 0.469845 0.359854 0.042964 0.092335
0 0.318067 0.411869 0.048838 0.122193
0 0.430762 0.511773 0.078989 0.197923
0 0.775935 0.507158 0.075500 0.146980
0 0.377161 0.477593 0.042570 0.159502
0 0.631056 0.606285 0.095685 0.198356
0 0.070714 0.537459 0.045623 0.121567
0 0.353189 0.316622 0.055360 0.102758
0 0.540682 0.394168 0.050322 0.116261
0 0.502318 0.389700 0.038386 0.096083
0 0.828158 0.823130 0.121757 0.337259
0 0.434074 0.325124 0.033965 0.096481
0 0.923731 0.589704 0.059977 0.271663
0 0.113957 0.616403 0.072552 0.216774
0 0.569741 0.437397 0.064508 0.111618
0 0.054719 0.491778 0.035983 0.121817
0 0.289824 0.315853 0.022358 0.148619
0 0.538994 0.273179 0.032906 0.140320
