0 0.726857 0.543391 0.068887 0.159640
0 0.347875 0.324848 0.046441 0.105446
0 0.417380 0.502883 0.071903 0.169967
0 0.177452 0.924227 0.100164 0.151547
0 0.501959 0.390399 0.045512 0.098887
0 0.477639 0.356213 0.039934 0.099987
0 0.316417 0.412596 0.050373 0.121730
0 0.616560 0.287897 0.045335 0.120591
0 0.788646 0.488086 0.087338 0.148628
0 0.818725 0.818848 0.113622 0.336079
0 0.067284 0.537176 0.046310 0.120252
0 0.901944 0.627495 0.085233 0.271647
0 0.580073 0.281912 0.037549 0.110713
0 0.435754 0.335124 0.044575 0.072509
0 0.375454 0.470795 0.041071 0.146860
0 0.575567 0.383315 0.032991 0.106914
0 0.570650 0.443422 0.067175 0.097810
0 0.129931 0.560464 0.054946 0.106012
0 0.547134 0.275113 0.048096 0.139162
0 0.912627 0.506049 0.054081 0.116578
