0 0.712411 0.540401 0.068251 0.168489
0 0.785751 0.492741 0.089678 0.167437
0 0.648883 0.589499 0.077548 0.188214
0 0.598388 0.289076 0.041868 0.116464
0 0.301155 0.420104 0.045507 0.145112
0 0.548901 0.395998 0.050732 0.134915
0 0.434099 0.332383 0.036501 0.073535
0 0.467905 0.364755 0.032039 0.081226
0 0.884256 0.647413 0.085497 0.264630
0 0.238323 0.926265 0.085330 0.147470
0 0.164683 0.914309 0.098374 0.171382
0 0.501956 0.386191 0.034886 0.098073
0 0.422137 0.518505 0.081306 0.174880
0 0.120980 0.591483 0.057117 0.143590
0 0.592512 0.496772 0.068457 0.280135
0 0.071518 0.482547 0.046106 0.120787
0 0.056927 0.544189 0.052278 0.118332
0 0.377948 0.452627 0.032334 0.098725
0 0.575012 0.277723 0.028665 0.098019
0 0.544625 0.267636 0.035098 0.128184
