0 0.303093 0.421426 0.050612 0.135860
0 0.598826 0.290923 0.039536 0.114521
0 0.466252 0.365404 0.038634 0.087352
0 0.788253 0.494331 0.089988 0.140741
0 0.068212 0.539224 0.042367 0.117206
0 0.906172 0.609976 0.071803 0.273112
0 0.730049 0.539793 0.086016 0.160642
0 0.430799 0.521048 0.089996 0.173606
0 0.502393 0.387763 0.035705 0.096757
0 0.824609 0.753825 0.086385 0.215032
0 0.434706 0.332861 0.035975 0.087856
0 0.666657 0.576417 0.070941 0.146068
0 0.123999 0.574343 0.053825 0.120888
0 0.540337 0.389779 0.036545 0.126085
0 0.560869 0.512530 0.078732 0.395791
0 0.569815 0.267127 0.030393 0.098567
0 0.037479 0.491617 0.040564 0.109179
0 0.377234 0.481024 0.033776 0.156751
0 0.553149 0.262582 0.033169 0.108648
