0 0.781672 0.488448 0.069755 0.162667
0 0.597392 0.289379 0.042983 0.116622
0 0.547318 0.405633 0.046580 0.120136
0 0.622369 0.605544 0.080770 0.202070
0 0.134087 0.646097 0.067705 0.225237
0 0.719726 0.542501 0.055735 0.155903
0 0.307880 0.414148 0.036518 0.135537
0 0.590189 0.445119 0.064002 0.170652
0 0.431886 0.327625 0.042508 0.090326
0 0.251679 0.932044 0.102788 0.135912
0 0.072515 0.527271 0.053566 0.135650
0 0.904285 0.500403 0.048858 0.124593
0 0.165615 0.898100 0.106283 0.195964
0 0.392828 0.512434 0.084014 0.321003
0 0.040218 0.516835 0.037873 0.155075
0 0.547727 0.260440 0.031275 0.121612
0 0.941564 0.574098 0.059757 0.249740
0 0.467269 0.352000 0.027386 0.066354
