0 0.434986 0.330034 0.041613 0.083419
0 0.787318 0.491218 0.098703 0.163806
0 0.597161 0.287855 0.040652 0.117989
0 0.716043 0.542287 0.072914 0.170598
0 0.627953 0.612779 0.097436 0.199822
0 0.312161 0.411654 0.045054 0.131716
0 0.880722 0.419937 0.063250 0.242172
0 0.183425 0.881972 0.074991 0.194216
0 0.479482 0.355255 0.041806 0.081878
0 0.426130 0.507610 0.072498 0.175168
0 0.889366 0.630407 0.088224 0.279445
0 0.387348 0.483205 0.045568 0.158011
0 0.594824 0.448330 0.061663 0.176167
0 0.529333 0.401869 0.069664 0.130068
0 0.202732 0.452517 0.052765 0.251951
0 0.852910 0.415184 0.063813 0.193705
0 0.122777 0.591399 0.046738 0.161465
0 0.226753 0.948489 0.082635 0.103021
0 0.546386 0.268993 0.040916 0.127198
0 0.049366 0.523172 0.053547 0.168257
