0 0.598146 0.288666 0.041272 0.116883
0 0.466129 0.365036 0.038052 0.087798
0 0.732540 0.542022 0.085439 0.157264
0 0.545114 0.393117 0.041726 0.127941
0 0.303824 0.421376 0.053568 0.135024
0 0.788599 0.493086 0.090943 0.136125
0 0.630973 0.451825 0.080681 0.268011
0 0.190723 0.963471 0.078850 0.073058
0 0.433128 0.332510 0.036388 0.089354
0 0.069023 0.538755 0.041654 0.117480
0 0.903846 0.616601 0.065119 0.245166
0 0.501376 0.387958 0.038280 0.092418
0 0.824392 0.753478 0.086299 0.214844
0 0.123475 0.574809 0.054247 0.121421
0 0.665034 0.574951 0.072769 0.147859
0 0.160646 0.903635 0.084061 0.144348
0 0.574539 0.270573 0.030474 0.091214
0 0.060200 0.481224 0.043278 0.128500
0 0.378686 0.481296 0.038981 0.159155
0 0.575851 0.434169 0.066700 0.122664
0 0.546510 0.261469 0.027922 0.115208
0 0.574652 0.503172 0.078788 0.258493
0 0.428606 0.521270 0.089987 0.204310
