0 0.780274 0.489865 0.072909 0.168637
0 0.710919 0.542060 0.058327 0.163253
0 0.212347 0.930078 0.116637 0.139844
0 0.619717 0.606792 0.083658 0.204156
0 0.597290 0.288519 0.043584 0.121100
0 0.435665 0.328052 0.038397 0.089291
0 0.590083 0.438458 0.064014 0.159494
0 0.889501 0.629815 0.076929 0.279006
0 0.541587 0.399163 0.051291 0.121983
0 0.310605 0.416681 0.045620 0.138452
0 0.128384 0.621720 0.067084 0.210664
0 0.393446 0.490669 0.059780 0.181961
0 0.147941 0.853415 0.094418 0.199108
0 0.048307 0.522509 0.055602 0.167547
0 0.446838 0.536473 0.075617 0.382482
0 0.480306 0.357490 0.037857 0.068287
0 0.552501 0.259910 0.030712 0.117052
