0 0.787064 0.493363 0.090774 0.158254
0 0.469407 0.366683 0.037116 0.084528
0 0.718104 0.546499 0.065072 0.141909
0 0.550688 0.395744 0.057631 0.130388
0 0.315377 0.413445 0.050008 0.123052
0 0.125839 0.636107 0.057541 0.237627
0 0.910011 0.606208 0.073420 0.264841
0 0.503679 0.386995 0.034131 0.099460
0 0.188305 0.963530 0.076808 0.072939
0 0.435536 0.527900 0.084066 0.210925
0 0.716469 0.432062 0.080031 0.264052
0 0.374394 0.481822 0.052328 0.164860
0 0.430466 0.332415 0.042269 0.084137
0 0.071874 0.537976 0.049981 0.119747
0 0.160912 0.916160 0.084765 0.152680
0 0.635172 0.567994 0.070456 0.168348
0 0.547776 0.270326 0.049959 0.139269
0 0.580438 0.492896 0.085155 0.277788
0 0.571248 0.275294 0.032084 0.093125
0 0.837602 0.757832 0.088268 0.205238
0 0.582048 0.427477 0.079228 0.150144
0 0.606246 0.322792 0.054689 0.154988
0 0.061190 0.514342 0.048962 0.165936
