0 0.789674 0.484637 0.093749 0.155934
0 0.723594 0.538218 0.073926 0.146674
0 0.886756 0.629261 0.079526 0.267537
0 0.305895 0.420226 0.052188 0.135463
0 0.467202 0.365622 0.030672 0.080458
0 0.428099 0.511173 0.076477 0.185716
0 0.602095 0.287850 0.045415 0.120096
0 0.503682 0.389040 0.033718 0.093809
0 0.649336 0.466675 0.070313 0.226018
0 0.824882 0.752547 0.085415 0.209079
0 0.425474 0.328294 0.054599 0.086381
0 0.543127 0.394955 0.038138 0.123862
0 0.065443 0.542369 0.039320 0.115442
0 0.553538 0.271429 0.037926 0.135270
0 0.120959 0.591178 0.055598 0.142939
0 0.188992 0.963215 0.076714 0.073569
0 0.575366 0.501469 0.075475 0.265317
0 0.664581 0.572064 0.088707 0.148595
0 0.576382 0.276592 0.029521 0.096183
0 0.382595 0.488355 0.036022 0.137896
0 0.385187 0.458630 0.029739 0.078894
0 0.575926 0.440054 0.067762 0.143263
