0 0.471535 0.357919 0.044977 0.096468
0 0.731184 0.540598 0.061191 0.147349
0 0.500805 0.387823 0.037303 0.095661
0 0.436406 0.326491 0.035038 0.086649
0 0.536893 0.400689 0.050298 0.126290
0 0.614577 0.599045 0.077450 0.221829
0 0.776125 0.493347 0.065324 0.147231
0 0.309784 0.418373 0.048978 0.128501
0 0.166334 0.901932 0.095299 0.170573
0 0.920033 0.600525 0.070583 0.274369
0 0.143764 0.591887 0.076461 0.179163
0 0.437670 0.524868 0.074820 0.174172
0 0.712007 0.418100 0.056523 0.259277
0 0.068407 0.541088 0.041344 0.112361
0 0.549083 0.278425 0.050726 0.155495
0 0.378783 0.477573 0.047546 0.161508
0 0.598246 0.468891 0.080532 0.253927
0 0.825354 0.821527 0.115283 0.338735
0 0.172333 0.951930 0.049788 0.096141
0 0.054893 0.489124 0.035425 0.114958
0 0.061428 0.515029 0.054684 0.168743
0 0.579670 0.278461 0.041369 0.104825
