0 0.786225 0.491442 0.089305 0.176201
0 0.697399 0.542069 0.069193 0.171131
0 0.345755 0.326887 0.046290 0.105405
0 0.418568 0.503729 0.071707 0.173744
0 0.524363 0.398341 0.063360 0.116302
0 0.315744 0.412669 0.051379 0.123087
0 0.919271 0.604348 0.070108 0.259670
0 0.246996 0.395606 0.054606 0.282209
0 0.377804 0.479938 0.041186 0.156258
0 0.496179 0.381187 0.040358 0.079359
0 0.547127 0.277762 0.047738 0.142658
0 0.180913 0.924262 0.082922 0.151476
0 0.571304 0.438793 0.067786 0.109745
0 0.624817 0.291113 0.039824 0.095629
0 0.066940 0.534176 0.045701 0.127083
0 0.473712 0.348009 0.040522 0.092596
0 0.431265 0.339175 0.037491 0.081419
0 0.582177 0.281871 0.040001 0.106996
0 0.842212 0.760748 0.087155 0.214103
0 0.052825 0.488744 0.031176 0.113166
0 0.129078 0.565654 0.062878 0.116857
0 0.187366 0.961279 0.088377 0.077441
