0 0.713935 0.539301 0.064081 0.172386
0 0.787996 0.493924 0.093104 0.161712
0 0.417976 0.503082 0.071211 0.171775
0 0.579857 0.279422 0.034843 0.106773
0 0.316321 0.412482 0.050836 0.121988
0 0.477513 0.355622 0.043939 0.101063
0 0.349764 0.324232 0.048837 0.103083
0 0.504676 0.386728 0.040590 0.102956
0 0.061862 0.517204 0.059710 0.167334
0 0.616608 0.286610 0.046755 0.120497
0 0.377133 0.466341 0.044134 0.137633
0 0.432562 0.339020 0.044864 0.081465
0 0.902469 0.627298 0.073560 0.278206
0 0.908098 0.495392 0.039857 0.130756
0 0.174297 0.913314 0.087872 0.162844
0 0.183731 0.957362 0.096048 0.085276
0 0.818228 0.817240 0.109355 0.336810
0 0.549641 0.268908 0.037628 0.134166
0 0.559363 0.388299 0.039707 0.085724
0 0.121826 0.593107 0.051582 0.162631
