0 0.470764 0.358814 0.043334 0.094757
0 0.541351 0.394493 0.044365 0.114513
0 0.777677 0.501066 0.073115 0.159873
0 0.441510 0.518272 0.076118 0.193262
0 0.070856 0.538135 0.044784 0.121551
0 0.437046 0.324521 0.039976 0.094251
0 0.632976 0.604242 0.097489 0.199839
0 0.912719 0.617180 0.065523 0.273122
0 0.316627 0.414203 0.053935 0.120102
0 0.502660 0.388492 0.036185 0.096141
0 0.340804 0.297256 0.052647 0.152957
0 0.376931 0.477443 0.045141 0.161388
0 0.054672 0.493127 0.036024 0.124283
0 0.569808 0.437023 0.064161 0.111375
0 0.254245 0.496121 0.056148 0.316687
0 0.828224 0.827585 0.124327 0.344831
0 0.130056 0.580768 0.059207 0.144017
0 0.548165 0.276079 0.048881 0.139827
