0 0.439150 0.518846 0.079172 0.197858
0 0.899853 0.477543 0.056766 0.186640
0 0.785523 0.477700 0.094543 0.153440
0 0.537292 0.395306 0.043747 0.137999
0 0.504821 0.387435 0.036611 0.097960
0 0.353445 0.318416 0.046884 0.093118
0 0.816454 0.813618 0.113778 0.348982
0 0.461964 0.358068 0.042489 0.097987
0 0.718167 0.559249 0.070134 0.135908
0 0.618034 0.293218 0.042243 0.103163
0 0.547378 0.278722 0.043926 0.155649
0 0.591880 0.422009 0.060064 0.150388
0 0.162585 0.870373 0.084469 0.142396
0 0.435708 0.320167 0.035078 0.082552
0 0.293256 0.355508 0.033409 0.082212
0 0.053505 0.520314 0.063439 0.168059
0 0.312219 0.410848 0.070159 0.188547
0 0.067967 0.537528 0.042573 0.123182
0 0.578091 0.283006 0.041817 0.120476
0 0.129154 0.560747 0.050764 0.110700
