0 0.348289 0.328760 0.043511 0.104848
0 0.506678 0.388748 0.029233 0.095473
0 0.828099 0.822003 0.121467 0.335122
0 0.773672 0.506531 0.067707 0.143443
0 0.428992 0.511792 0.080053 0.198316
0 0.911505 0.613299 0.068619 0.243698
0 0.632657 0.604576 0.096528 0.194737
0 0.426902 0.322530 0.045499 0.088050
0 0.468832 0.358120 0.044298 0.094635
0 0.379444 0.475764 0.045194 0.161642
0 0.539254 0.393797 0.047505 0.109609
0 0.071367 0.537254 0.045677 0.120741
0 0.319278 0.412083 0.053596 0.122677
0 0.054709 0.494409 0.036800 0.126317
0 0.569586 0.437440 0.064821 0.110689
0 0.283542 0.328718 0.024873 0.157227
0 0.549805 0.274356 0.051292 0.145872
0 0.131407 0.585267 0.068749 0.155854
0 0.159766 0.922702 0.078503 0.150028
