0 0.536704 0.406930 0.051848 0.117207
0 0.634938 0.594422 0.096791 0.217833
0 0.435811 0.324696 0.037619 0.090286
0 0.217879 0.931952 0.105891 0.136096
0 0.893082 0.425166 0.053449 0.251716
0 0.424816 0.505592 0.069786 0.174441
0 0.884378 0.650918 0.087994 0.255698
0 0.380298 0.478540 0.043463 0.164363
0 0.478616 0.351069 0.040210 0.085367
0 0.851465 0.403340 0.040785 0.227514
0 0.161661 0.914126 0.084520 0.164717
0 0.592027 0.438542 0.065977 0.166344
0 0.307472 0.419103 0.039323 0.148075
0 0.051549 0.520461 0.055362 0.163500
0 0.576422 0.276432 0.028833 0.094493
0 0.799426 0.820068 0.150231 0.348204
0 0.607350 0.298378 0.053733 0.112190
0 0.549636 0.273553 0.046522 0.136507
0 0.120792 0.596508 0.045359 0.158031
