0 0.786890 0.495197 0.090720 0.155532
0 0.715482 0.546689 0.069726 0.152994
0 0.433151 0.332945 0.037497 0.083417
0 0.469062 0.366019 0.037148 0.082122
0 0.436302 0.518612 0.081222 0.189216
0 0.129527 0.651867 0.065926 0.250556
0 0.375960 0.480521 0.050555 0.162165
0 0.315998 0.413484 0.050455 0.123213
0 0.187859 0.963698 0.076135 0.072604
0 0.073484 0.537322 0.048842 0.118506
0 0.504788 0.385613 0.031175 0.096660
0 0.910726 0.614790 0.067777 0.234873
0 0.542009 0.403752 0.049868 0.152943
0 0.161232 0.917637 0.086022 0.155806
0 0.836052 0.756269 0.084459 0.211958
0 0.645507 0.567321 0.067032 0.160253
0 0.547515 0.267229 0.048200 0.133198
0 0.056355 0.494249 0.037924 0.123247
0 0.583842 0.515344 0.093695 0.387508
0 0.571769 0.275795 0.029337 0.094127
0 0.608007 0.319544 0.054002 0.159302
