0 0.068400 0.536455 0.043596 0.122553
0 0.786108 0.489858 0.090711 0.174559
0 0.418124 0.502771 0.072808 0.173017
0 0.908249 0.611808 0.072188 0.265561
0 0.351160 0.322678 0.048623 0.097889
0 0.634095 0.586012 0.075405 0.212006
0 0.473845 0.357556 0.038511 0.086395
0 0.499744 0.388105 0.040443 0.096789
0 0.315709 0.415171 0.051667 0.118586
0 0.624522 0.295611 0.039735 0.109795
0 0.693139 0.549291 0.070971 0.178536
0 0.373781 0.473441 0.041204 0.155280
0 0.569765 0.440442 0.064268 0.105694
0 0.547410 0.277847 0.048811 0.144030
0 0.842840 0.758075 0.081988 0.208980
0 0.179425 0.915251 0.085904 0.160468
0 0.426969 0.344460 0.040192 0.067240
0 0.538344 0.398788 0.046784 0.110299
0 0.052957 0.494294 0.032818 0.122783
0 0.184033 0.960754 0.082175 0.078491
0 0.582560 0.280920 0.040245 0.107057
0 0.124140 0.578146 0.053231 0.151172
