0 0.787018 0.490701 0.091176 0.179048
0 0.380393 0.478778 0.046163 0.159077
0 0.633220 0.597479 0.101041 0.223680
0 0.424198 0.330015 0.036502 0.081857
0 0.315590 0.414160 0.053434 0.121813
0 0.429841 0.512623 0.079238 0.194532
0 0.349378 0.323954 0.048432 0.095113
0 0.690008 0.550447 0.086401 0.180898
0 0.897765 0.639712 0.062484 0.268478
0 0.556642 0.387076 0.032821 0.088034
0 0.624849 0.291470 0.040440 0.096918
0 0.068376 0.534502 0.046003 0.126169
0 0.546821 0.276728 0.047771 0.144682
0 0.569086 0.443615 0.063516 0.099269
0 0.842982 0.762861 0.082446 0.212614
0 0.469899 0.351371 0.029219 0.075227
0 0.505334 0.387347 0.029966 0.096092
0 0.573576 0.277831 0.040093 0.110144
0 0.175758 0.927038 0.100804 0.145923
0 0.139549 0.616602 0.085632 0.229749
0 0.132058 0.565504 0.070373 0.126130
0 0.054040 0.489485 0.033364 0.115423
