0 0.619342 0.598752 0.086625 0.213664
0 0.346839 0.325322 0.044627 0.106478
0 0.788114 0.489840 0.092291 0.175428
0 0.315603 0.414322 0.051926 0.120875
0 0.696253 0.552292 0.079933 0.162149
0 0.864337 0.655514 0.115687 0.223313
0 0.472721 0.363052 0.038383 0.093724
0 0.073125 0.531825 0.045376 0.130250
0 0.505653 0.384061 0.028970 0.099416
0 0.541214 0.394886 0.049744 0.113344
0 0.845374 0.763762 0.083555 0.211110
0 0.380189 0.481706 0.045453 0.156348
0 0.548372 0.276982 0.050028 0.142022
0 0.039880 0.522784 0.039138 0.162295
0 0.582092 0.279264 0.037312 0.104579
0 0.421637 0.327820 0.041546 0.081152
0 0.425652 0.510932 0.072336 0.175368
0 0.570342 0.439562 0.063841 0.106510
0 0.145183 0.615592 0.092225 0.231954
