0 0.792613 0.485712 0.078002 0.140885
0 0.468440 0.362320 0.033424 0.096697
0 0.505328 0.382492 0.037047 0.095011
0 0.612813 0.289805 0.044536 0.111097
0 0.720544 0.549705 0.074441 0.150508
0 0.069641 0.539723 0.043983 0.119180
0 0.437695 0.324050 0.040151 0.088789
0 0.353098 0.321077 0.050118 0.094189
0 0.547261 0.278762 0.046393 0.156312
0 0.531520 0.394798 0.052972 0.138198
0 0.816027 0.812993 0.113251 0.350603
0 0.431379 0.523529 0.087497 0.197982
0 0.130579 0.557404 0.052694 0.105306
0 0.926603 0.522066 0.054079 0.223451
0 0.575724 0.277075 0.035745 0.104786
0 0.590077 0.422270 0.062391 0.149892
0 0.292814 0.355590 0.034476 0.082832
0 0.312144 0.409571 0.071379 0.187200
0 0.161529 0.869859 0.081249 0.142003
0 0.069566 0.477343 0.040880 0.134068
