0 0.642515 0.600290 0.129674 0.221643
0 0.881998 0.634320 0.081942 0.273076
0 0.160899 0.908304 0.087810 0.176754
0 0.214664 0.928911 0.094881 0.142177
0 0.433648 0.329764 0.037843 0.079176
0 0.305979 0.412222 0.036770 0.140320
0 0.893362 0.414084 0.053663 0.231660
0 0.423087 0.505130 0.071393 0.174085
0 0.535862 0.408360 0.055050 0.116463
0 0.380302 0.477620 0.041659 0.166335
0 0.592092 0.430306 0.065222 0.145751
0 0.851594 0.402941 0.040319 0.228064
0 0.470370 0.357146 0.042737 0.081092
0 0.060562 0.546848 0.046774 0.115572
0 0.576620 0.276599 0.028016 0.096653
0 0.814565 0.825155 0.111854 0.348684
0 0.602994 0.298773 0.046675 0.113754
0 0.591963 0.491298 0.071216 0.269031
0 0.542504 0.270191 0.033905 0.130036
