0 0.472168 0.354971 0.044659 0.083414
0 0.437187 0.328007 0.038380 0.079530
0 0.641204 0.601052 0.089350 0.195814
0 0.780172 0.478553 0.068247 0.129624
0 0.385091 0.479997 0.045010 0.158440
0 0.591202 0.447620 0.069088 0.173153
0 0.180931 0.894136 0.074226 0.187268
0 0.892931 0.420949 0.052021 0.251862
0 0.429977 0.516319 0.079106 0.188930
0 0.310883 0.410394 0.046774 0.126149
0 0.535620 0.406774 0.053991 0.113125
0 0.600617 0.289408 0.037888 0.115526
0 0.851758 0.401725 0.040219 0.231691
0 0.724536 0.549080 0.088260 0.152964
0 0.887129 0.653111 0.066633 0.266047
0 0.122506 0.592730 0.050562 0.163456
0 0.539828 0.266880 0.029208 0.124199
0 0.056580 0.545011 0.054805 0.116773
0 0.218956 0.948069 0.098028 0.103863
0 0.049962 0.490441 0.048273 0.106484
0 0.569305 0.269347 0.031876 0.080909
0 0.841094 0.769405 0.082118 0.201577
0 0.824008 0.829427 0.122274 0.325028
