0 0.705416 0.538096 0.060602 0.173613
0 0.472732 0.354494 0.044522 0.086115
0 0.596705 0.289796 0.040095 0.113595
0 0.438032 0.328778 0.039522 0.079453
0 0.180913 0.890136 0.073456 0.189093
0 0.871820 0.412133 0.064795 0.232746
0 0.384468 0.480883 0.046510 0.158969
0 0.768042 0.505928 0.075108 0.156342
0 0.831997 0.399903 0.054133 0.240044
0 0.222091 0.939736 0.105112 0.120528
0 0.634428 0.600458 0.092107 0.197816
0 0.552121 0.404977 0.048799 0.122491
0 0.428932 0.513606 0.080322 0.190529
0 0.308143 0.412119 0.039485 0.135357
0 0.595015 0.447284 0.061335 0.174601
0 0.875234 0.634622 0.081431 0.265583
0 0.810373 0.829684 0.104828 0.304442
0 0.539373 0.268195 0.027861 0.124800
0 0.056754 0.547049 0.056996 0.117593
0 0.119200 0.597726 0.051391 0.160236
0 0.565830 0.278807 0.030053 0.102799
