0 0.715950 0.541901 0.073171 0.170796
0 0.791270 0.488702 0.086406 0.154258
0 0.436235 0.329629 0.040122 0.088369
0 0.438841 0.519190 0.076317 0.198438
0 0.613975 0.613262 0.068082 0.193793
0 0.597420 0.288413 0.041080 0.117746
0 0.882249 0.412024 0.057205 0.233690
0 0.387097 0.480808 0.048179 0.159194
0 0.534660 0.406376 0.058673 0.124518
0 0.306655 0.414937 0.041419 0.139511
0 0.181968 0.878483 0.073308 0.186009
0 0.842685 0.398303 0.046441 0.236822
0 0.119184 0.622003 0.059125 0.203057
0 0.478123 0.359562 0.031321 0.069420
0 0.050799 0.520581 0.060786 0.170833
0 0.876681 0.641683 0.090130 0.261154
0 0.546463 0.268540 0.040882 0.125757
0 0.594389 0.444278 0.062160 0.167265
0 0.222265 0.947739 0.085341 0.104522
0 0.804373 0.946543 0.076542 0.105185
