0 0.781702 0.488488 0.069555 0.157476
0 0.436182 0.332781 0.040268 0.095868
0 0.622412 0.604469 0.082060 0.207291
0 0.597164 0.289194 0.043635 0.118469
0 0.552038 0.402112 0.043264 0.125671
0 0.072829 0.528228 0.052624 0.132702
0 0.307869 0.414539 0.036601 0.135625
0 0.720784 0.542512 0.058046 0.156370
0 0.134098 0.645672 0.066567 0.226219
0 0.039732 0.517601 0.036446 0.154564
0 0.590176 0.436017 0.063498 0.154743
0 0.393153 0.514856 0.082717 0.316289
0 0.865174 0.466464 0.044326 0.137032
0 0.222810 0.939538 0.088648 0.120925
0 0.155828 0.902199 0.085602 0.192126
0 0.941325 0.568026 0.060135 0.253111
0 0.549335 0.260513 0.033362 0.124948
0 0.493419 0.385284 0.053937 0.107125
0 0.468933 0.350890 0.024582 0.065131
