0 0.706207 0.547142 0.063281 0.160861
0 0.788028 0.491211 0.093416 0.160257
0 0.418439 0.503224 0.071995 0.170150
0 0.476721 0.356117 0.041442 0.103078
0 0.579716 0.279107 0.034756 0.106552
0 0.315607 0.412375 0.049958 0.122367
0 0.505024 0.387982 0.035400 0.100253
0 0.349679 0.323195 0.049188 0.101618
0 0.616858 0.286820 0.046055 0.120129
0 0.432439 0.335499 0.045330 0.086276
0 0.901788 0.623566 0.075968 0.274521
0 0.061517 0.518029 0.058184 0.165638
0 0.378427 0.469018 0.043238 0.140727
0 0.173342 0.913270 0.090086 0.163322
0 0.182232 0.956896 0.099770 0.086209
0 0.911439 0.492954 0.042374 0.124217
0 0.549614 0.266299 0.037109 0.128478
0 0.556993 0.385594 0.039500 0.093185
0 0.827714 0.823761 0.129632 0.332539
0 0.143335 0.615488 0.088980 0.221463
0 0.571261 0.445849 0.068657 0.091994
