0 0.707986 0.547891 0.063044 0.159326
0 0.788467 0.489935 0.088744 0.166335
0 0.417800 0.503532 0.071647 0.173449
0 0.614272 0.286309 0.046196 0.116341
0 0.893663 0.629870 0.078780 0.274694
0 0.474802 0.355126 0.050526 0.102128
0 0.315118 0.413262 0.049804 0.123462
0 0.505674 0.387557 0.038623 0.101421
0 0.913071 0.491041 0.052846 0.146019
0 0.345738 0.324410 0.048205 0.105433
0 0.577693 0.277037 0.035928 0.105044
0 0.059227 0.517314 0.053884 0.169069
0 0.433362 0.332747 0.041427 0.074634
0 0.174024 0.912542 0.089436 0.162737
0 0.371860 0.475245 0.043239 0.157260
0 0.549934 0.268814 0.039004 0.133478
0 0.177789 0.958156 0.093562 0.083688
0 0.558685 0.380858 0.042882 0.108736
0 0.128019 0.562369 0.057672 0.107048
0 0.569715 0.445064 0.067838 0.097813
0 0.819444 0.741099 0.111115 0.143443
0 0.822044 0.822354 0.119402 0.312727
