0 0.784732 0.504874 0.101846 0.151431
0 0.435025 0.331259 0.040940 0.086661
0 0.597637 0.288650 0.041143 0.116732
0 0.627721 0.600480 0.090274 0.206092
0 0.539746 0.402412 0.054008 0.136038
0 0.425811 0.508805 0.071833 0.176003
0 0.312350 0.411563 0.044473 0.129002
0 0.880259 0.414647 0.062253 0.231699
0 0.720501 0.537545 0.063976 0.175534
0 0.183145 0.881579 0.074158 0.192930
0 0.474509 0.353964 0.041325 0.084679
0 0.387177 0.482952 0.044515 0.158058
0 0.851446 0.415509 0.065081 0.199285
0 0.595132 0.446474 0.059732 0.173247
0 0.876192 0.608083 0.068427 0.209944
0 0.058356 0.542951 0.050387 0.121797
0 0.546573 0.268299 0.041857 0.125309
0 0.226687 0.948037 0.079829 0.103469
0 0.124574 0.592620 0.049612 0.170887
