0 0.539189 0.392999 0.045287 0.115008
0 0.067585 0.540799 0.045117 0.121070
0 0.470374 0.362219 0.043281 0.095869
0 0.614892 0.287496 0.044572 0.115192
0 0.727284 0.547852 0.074231 0.154966
0 0.420831 0.504449 0.070489 0.179699
0 0.505099 0.389950 0.038018 0.098010
0 0.351199 0.319643 0.047666 0.104846
0 0.898923 0.494272 0.066134 0.139465
0 0.436584 0.327140 0.043107 0.080194
0 0.785550 0.504144 0.058252 0.092245
0 0.855035 0.700907 0.097254 0.246583
0 0.579438 0.277084 0.035316 0.098861
0 0.552320 0.276346 0.038220 0.145955
0 0.157061 0.374633 0.038767 0.222035
0 0.316854 0.416822 0.050270 0.118434
0 0.120656 0.592961 0.049339 0.154153
0 0.286094 0.476182 0.065134 0.299600
0 0.248406 0.429653 0.028408 0.166826
0 0.286020 0.416295 0.050472 0.184981
0 0.129915 0.618929 0.076056 0.209380
