0 0.713586 0.540724 0.066682 0.168972
0 0.650255 0.592312 0.076226 0.180394
0 0.865574 0.411852 0.053877 0.245322
0 0.790416 0.487439 0.086442 0.173575
0 0.303934 0.413937 0.042005 0.135962
0 0.470314 0.364483 0.034578 0.081455
0 0.162146 0.915571 0.088030 0.168857
0 0.436515 0.515019 0.068715 0.191299
0 0.555460 0.400575 0.045766 0.117429
0 0.511617 0.389362 0.041737 0.106078
0 0.615206 0.290658 0.042789 0.118503
0 0.383034 0.475975 0.044385 0.160420
0 0.435996 0.328952 0.040975 0.072767
0 0.893205 0.637972 0.106372 0.262039
0 0.053272 0.519135 0.058031 0.169255
0 0.579642 0.278989 0.034310 0.106166
0 0.591390 0.497332 0.068715 0.278164
0 0.821189 0.381872 0.047891 0.248564
0 0.824121 0.738475 0.101905 0.179264
0 0.114211 0.597746 0.047597 0.153635
0 0.065379 0.544223 0.040423 0.111637
