0 0.709185 0.544660 0.062301 0.162718
0 0.780151 0.492085 0.106740 0.171015
0 0.316318 0.413481 0.051659 0.120136
0 0.623046 0.599753 0.083274 0.216513
0 0.348641 0.323627 0.047657 0.101598
0 0.377931 0.476986 0.044637 0.162689
0 0.068952 0.537852 0.039219 0.121070
0 0.473844 0.360379 0.036463 0.088071
0 0.427288 0.505949 0.073821 0.182752
0 0.621393 0.292025 0.040410 0.103589
0 0.844517 0.761970 0.084631 0.212653
0 0.548463 0.275555 0.049732 0.140241
0 0.498182 0.384986 0.036426 0.098630
0 0.422158 0.328321 0.041738 0.081583
0 0.569563 0.437222 0.065604 0.111657
0 0.541141 0.388163 0.047538 0.109700
0 0.050860 0.487070 0.032339 0.107738
0 0.132660 0.578429 0.070051 0.149492
0 0.582391 0.274185 0.036696 0.092945
0 0.885459 0.630004 0.054089 0.180390
0 0.052581 0.517099 0.043251 0.169768
