0 0.727517 0.537541 0.083621 0.162900
0 0.471749 0.356704 0.039615 0.098974
0 0.598204 0.287083 0.039820 0.118129
0 0.788310 0.486916 0.088557 0.146053
0 0.503508 0.387150 0.031453 0.098104
0 0.302743 0.418335 0.055058 0.131543
0 0.190405 0.963301 0.079108 0.073398
0 0.072787 0.538471 0.048679 0.117244
0 0.434217 0.325513 0.043136 0.078190
0 0.883103 0.633304 0.084159 0.259343
0 0.056025 0.494292 0.037679 0.125561
0 0.635386 0.577355 0.061944 0.156420
0 0.124461 0.577705 0.053537 0.143033
0 0.529230 0.522478 0.102755 0.403800
0 0.431433 0.534017 0.078187 0.233785
0 0.162306 0.916066 0.085013 0.149344
0 0.818487 0.817085 0.094372 0.320248
0 0.378788 0.452917 0.035106 0.140482
0 0.549916 0.273899 0.051866 0.146831
