0 0.749501 0.495531 0.080898 0.194835
0 0.471560 0.360068 0.040887 0.092056
0 0.380193 0.480094 0.045899 0.155871
0 0.500184 0.392385 0.037279 0.091161
0 0.537768 0.392895 0.050884 0.115582
0 0.349830 0.323910 0.047953 0.098364
0 0.631376 0.606730 0.095050 0.200152
0 0.432686 0.516534 0.083103 0.192661
0 0.621687 0.294781 0.040461 0.109300
0 0.919238 0.606912 0.068690 0.269491
0 0.070414 0.536421 0.044959 0.121997
0 0.318818 0.415422 0.041159 0.113976
0 0.828042 0.828654 0.123009 0.342693
0 0.570011 0.440186 0.065147 0.105372
0 0.421100 0.327893 0.038196 0.078440
0 0.055202 0.494354 0.037307 0.126772
0 0.549116 0.274156 0.051055 0.144000
0 0.284327 0.324725 0.024948 0.149971
0 0.138507 0.591192 0.081859 0.173123
0 0.191168 0.963247 0.077663 0.073507
0 0.159755 0.924614 0.074510 0.144408
