0 0.646635 0.589874 0.071138 0.183175
0 0.436731 0.323649 0.042719 0.077552
0 0.725536 0.533390 0.082334 0.172605
0 0.555782 0.394912 0.046774 0.129017
0 0.068844 0.537379 0.044877 0.118541
0 0.819655 0.384582 0.054776 0.245295
0 0.862026 0.407107 0.044052 0.251630
0 0.795855 0.485958 0.077234 0.169065
0 0.433855 0.514654 0.071268 0.190883
0 0.885784 0.629978 0.091473 0.276714
0 0.469349 0.360834 0.034142 0.074163
0 0.304670 0.419097 0.038522 0.132291
0 0.383386 0.477806 0.042349 0.161329
0 0.163479 0.908326 0.079422 0.170753
0 0.578501 0.276977 0.031014 0.099697
0 0.590583 0.498527 0.071209 0.283633
0 0.208041 0.938333 0.089986 0.123334
0 0.041000 0.519176 0.034714 0.163169
0 0.605420 0.297347 0.048569 0.112804
0 0.119881 0.598426 0.046293 0.144654
0 0.826305 0.810179 0.107697 0.320355
