0 0.598218 0.289038 0.041947 0.118177
0 0.786095 0.496014 0.088057 0.153208
0 0.469330 0.363806 0.033256 0.082227
0 0.717038 0.529436 0.055047 0.150957
0 0.549449 0.402007 0.048284 0.125927
0 0.301108 0.418611 0.045496 0.147685
0 0.503507 0.389242 0.033712 0.092479
0 0.434437 0.332650 0.036097 0.074551
0 0.885884 0.641821 0.082977 0.257459
0 0.664951 0.589425 0.093114 0.170702
0 0.586943 0.427008 0.063365 0.134718
0 0.422203 0.516061 0.082166 0.178470
0 0.120972 0.591692 0.056678 0.144457
0 0.069145 0.484111 0.044561 0.119085
0 0.586346 0.498598 0.064060 0.277755
0 0.047087 0.548849 0.034405 0.114099
0 0.575596 0.276692 0.027838 0.100293
0 0.177906 0.909094 0.127468 0.181812
0 0.840180 0.752493 0.077207 0.210466
0 0.829061 0.812573 0.106980 0.332895
