0 0.791472 0.482563 0.082118 0.144880
0 0.723232 0.555624 0.079795 0.145037
0 0.068910 0.538879 0.044035 0.122912
0 0.417876 0.503514 0.077945 0.181604
0 0.900444 0.484879 0.062077 0.165907
0 0.539666 0.398416 0.046678 0.133111
0 0.614941 0.295365 0.044680 0.113504
0 0.353280 0.319320 0.046213 0.095573
0 0.433268 0.327912 0.040801 0.066145
0 0.474984 0.355409 0.043205 0.108398
0 0.180348 0.879252 0.084671 0.149621
0 0.816613 0.813725 0.114285 0.349943
0 0.129263 0.556943 0.052643 0.103431
0 0.591652 0.421997 0.059585 0.151417
0 0.578610 0.279226 0.035245 0.104892
0 0.313143 0.408577 0.068411 0.186526
0 0.198888 0.955196 0.074694 0.089608
0 0.293797 0.352622 0.031522 0.077147
0 0.589374 0.487181 0.064267 0.272961
0 0.539390 0.290049 0.049043 0.163913
