0 0.471090 0.356187 0.046715 0.081411
0 0.773774 0.437896 0.066395 0.204997
0 0.591653 0.446746 0.068922 0.179402
0 0.639754 0.600773 0.091384 0.202862
0 0.722362 0.492610 0.048541 0.212154
0 0.893201 0.421943 0.053574 0.254332
0 0.431147 0.332056 0.041558 0.088231
0 0.306178 0.418661 0.039308 0.135499
0 0.535609 0.406965 0.054420 0.113127
0 0.910168 0.640270 0.068608 0.267211
0 0.420602 0.503859 0.075968 0.179450
0 0.216252 0.937154 0.099085 0.125692
0 0.851972 0.405530 0.039796 0.230806
0 0.380146 0.482954 0.040238 0.156826
0 0.148741 0.893853 0.073349 0.180753
0 0.540210 0.268683 0.027736 0.126587
0 0.819930 0.820563 0.118818 0.352533
0 0.611478 0.290950 0.051393 0.117275
0 0.056949 0.521072 0.065760 0.166688
0 0.574608 0.273865 0.032657 0.092720
0 0.135078 0.603078 0.074494 0.162171
