0 0.730168 0.537800 0.081863 0.161763
0 0.471851 0.357376 0.040359 0.097686
0 0.302606 0.418510 0.054908 0.130544
0 0.599301 0.288582 0.040384 0.118366
0 0.788500 0.487839 0.088135 0.146192
0 0.641413 0.578812 0.059741 0.153270
0 0.542020 0.399661 0.039399 0.118703
0 0.189483 0.963099 0.078555 0.073802
0 0.504054 0.387728 0.034142 0.096595
0 0.072678 0.538613 0.048588 0.118034
0 0.435202 0.324849 0.042081 0.076667
0 0.123730 0.580350 0.053911 0.138769
0 0.379166 0.453127 0.044126 0.135312
0 0.887420 0.627855 0.084243 0.274636
0 0.162389 0.908709 0.084695 0.140348
0 0.576959 0.504169 0.076704 0.255683
0 0.700955 0.473669 0.102180 0.304774
0 0.055751 0.493281 0.037172 0.122877
0 0.431692 0.536893 0.077773 0.233034
0 0.549496 0.275189 0.051418 0.144141
0 0.817862 0.824299 0.098948 0.330704
