0 0.473679 0.354428 0.045818 0.086430
0 0.628780 0.596435 0.084983 0.215040
0 0.591664 0.444231 0.068463 0.179761
0 0.432708 0.326290 0.046323 0.085806
0 0.893466 0.423840 0.052855 0.251471
0 0.882630 0.645035 0.085437 0.259955
0 0.216073 0.936200 0.096019 0.127601
0 0.420597 0.505011 0.075227 0.177430
0 0.308688 0.413626 0.042176 0.150542
0 0.052140 0.520763 0.057608 0.165414
0 0.535758 0.408170 0.054641 0.114508
0 0.165645 0.919641 0.091483 0.157404
0 0.818653 0.814599 0.118663 0.353971
0 0.852117 0.402900 0.040713 0.226760
0 0.378535 0.481465 0.039902 0.159298
0 0.543257 0.267451 0.034029 0.125135
0 0.120611 0.590375 0.045430 0.154897
