0 0.434572 0.326002 0.039035 0.076253
0 0.790642 0.488022 0.087559 0.159435
0 0.715167 0.541788 0.073199 0.170716
0 0.614255 0.614496 0.070937 0.195671
0 0.536417 0.402392 0.054905 0.133636
0 0.597869 0.289969 0.041408 0.115599
0 0.311493 0.409961 0.044803 0.131533
0 0.880443 0.414135 0.059803 0.231993
0 0.182455 0.877430 0.074526 0.185760
0 0.467266 0.352345 0.039919 0.087727
0 0.119345 0.621574 0.057616 0.203466
0 0.384260 0.481405 0.042126 0.158973
0 0.595563 0.447616 0.059777 0.174021
0 0.427503 0.507317 0.071250 0.183132
0 0.850918 0.407856 0.061183 0.213413
0 0.545974 0.268840 0.040815 0.126633
0 0.876681 0.631474 0.087082 0.284304
0 0.253160 0.698010 0.083258 0.400980
0 0.578382 0.269522 0.028858 0.083841
0 0.049796 0.520462 0.064095 0.169761
