0 0.754692 0.497801 0.075284 0.197547
0 0.352607 0.318094 0.047094 0.099844
0 0.538124 0.393471 0.048955 0.112153
0 0.380736 0.479692 0.046159 0.157024
0 0.431923 0.514658 0.081896 0.196078
0 0.632894 0.606623 0.097837 0.198362
0 0.467376 0.357292 0.030671 0.088279
0 0.622002 0.294370 0.041199 0.107663
0 0.317953 0.412907 0.047270 0.120953
0 0.070894 0.536462 0.045570 0.121179
0 0.920046 0.605758 0.070138 0.264313
0 0.827880 0.828774 0.124222 0.342452
0 0.189680 0.963820 0.074290 0.072359
0 0.420455 0.328035 0.036898 0.078180
0 0.570553 0.437523 0.066905 0.111643
0 0.055248 0.494225 0.037212 0.126431
0 0.138817 0.590999 0.081650 0.174055
0 0.284120 0.324036 0.023268 0.149381
0 0.493003 0.388270 0.042012 0.091158
0 0.537948 0.264289 0.031551 0.128891
0 0.158574 0.921566 0.077217 0.148477
