0 0.723278 0.541804 0.086311 0.172210
0 0.791299 0.482830 0.087665 0.162770
0 0.597791 0.289143 0.042006 0.116799
0 0.879233 0.438984 0.053282 0.192528
0 0.305256 0.415086 0.038711 0.135801
0 0.556337 0.399041 0.048865 0.121974
0 0.470334 0.364050 0.035234 0.080910
0 0.435212 0.334772 0.040862 0.071842
0 0.433080 0.515010 0.080197 0.195163
0 0.057129 0.514260 0.056236 0.178353
0 0.882789 0.642100 0.081978 0.254165
0 0.641907 0.596942 0.079979 0.192269
0 0.861314 0.398112 0.050459 0.218930
0 0.515535 0.387728 0.045494 0.113022
0 0.163236 0.916871 0.092089 0.164749
0 0.591654 0.495122 0.069558 0.276625
0 0.219639 0.941662 0.087633 0.116676
0 0.822850 0.743768 0.098577 0.189533
0 0.113961 0.598638 0.046436 0.153437
0 0.387991 0.480939 0.050048 0.147741
0 0.575085 0.278417 0.027800 0.098273
