0 0.472255 0.354853 0.045744 0.083903
0 0.591745 0.446380 0.068185 0.179340
0 0.882645 0.634895 0.083122 0.271212
0 0.893922 0.412443 0.051632 0.237122
0 0.774644 0.445344 0.059129 0.215324
0 0.848338 0.402005 0.045309 0.230582
0 0.638725 0.601010 0.087642 0.197817
0 0.427489 0.514805 0.080810 0.195590
0 0.535644 0.406964 0.054546 0.113057
0 0.305902 0.418353 0.038865 0.136310
0 0.382249 0.481099 0.042010 0.159912
0 0.598033 0.292470 0.038491 0.113021
0 0.217564 0.936127 0.102991 0.127746
0 0.730891 0.497116 0.052313 0.200944
0 0.821178 0.819906 0.123641 0.337016
0 0.430705 0.331834 0.040568 0.086977
0 0.147852 0.897476 0.072581 0.190865
0 0.122180 0.592951 0.047600 0.165059
0 0.052780 0.520891 0.056330 0.165920
0 0.571107 0.276154 0.029549 0.087669
0 0.539172 0.266820 0.026531 0.124151
