0 0.471631 0.353630 0.045818 0.090321
0 0.640228 0.600300 0.099364 0.206325
0 0.433864 0.327312 0.037157 0.082252
0 0.304307 0.418228 0.039290 0.138973
0 0.553145 0.395555 0.053441 0.136924
0 0.893704 0.426403 0.054755 0.246815
0 0.051623 0.521406 0.056921 0.165943
0 0.851386 0.404191 0.042404 0.228284
0 0.383997 0.477540 0.041828 0.165021
0 0.430707 0.512123 0.071533 0.186939
0 0.591344 0.445755 0.067625 0.178233
0 0.879394 0.625913 0.077883 0.250500
0 0.161418 0.922236 0.086210 0.155529
0 0.576484 0.277384 0.029478 0.097976
0 0.609789 0.320015 0.059571 0.157936
0 0.547536 0.269703 0.043901 0.129163
0 0.112327 0.603069 0.054856 0.152684
0 0.823322 0.737593 0.109362 0.199797
0 0.603096 0.293689 0.045377 0.102281
0 0.209990 0.940429 0.083764 0.119141
