0 0.732313 0.542214 0.096388 0.167323
0 0.467054 0.365914 0.038566 0.087064
0 0.069361 0.538929 0.041906 0.117294
0 0.433662 0.520505 0.086581 0.196041
0 0.301645 0.417861 0.054508 0.128765
0 0.768991 0.393846 0.078191 0.171339
0 0.791945 0.477848 0.087965 0.145871
0 0.542478 0.397052 0.038245 0.120185
0 0.903150 0.613937 0.060788 0.258201
0 0.190585 0.963739 0.078693 0.072522
0 0.646119 0.570963 0.059717 0.157444
0 0.502894 0.388556 0.036411 0.097170
0 0.824885 0.753429 0.086855 0.214688
0 0.600327 0.288238 0.050401 0.118928
0 0.433147 0.330402 0.037276 0.087316
0 0.577461 0.507166 0.076893 0.256494
0 0.161226 0.911276 0.084135 0.143931
0 0.380650 0.479112 0.040390 0.155780
0 0.123690 0.577478 0.055295 0.124398
0 0.058404 0.480037 0.039351 0.129410
0 0.550312 0.272779 0.032195 0.139423
0 0.574664 0.276903 0.031662 0.100049
0 0.577821 0.446533 0.071922 0.134399
