0 0.473664 0.353169 0.042720 0.087994
0 0.434707 0.327590 0.041358 0.081029
0 0.596618 0.289622 0.040652 0.113803
0 0.714457 0.538911 0.057557 0.164709
0 0.384515 0.480227 0.046901 0.159164
0 0.595105 0.450917 0.059311 0.167579
0 0.307944 0.412514 0.038938 0.136076
0 0.180584 0.887044 0.075350 0.192777
0 0.549990 0.405817 0.049005 0.121721
0 0.827682 0.389348 0.048347 0.253808
0 0.893002 0.421910 0.054233 0.258620
0 0.430074 0.515902 0.079744 0.192285
0 0.640855 0.596252 0.096234 0.213446
0 0.767765 0.503130 0.072952 0.156539
0 0.874215 0.635961 0.084452 0.265591
0 0.539604 0.268613 0.028382 0.125657
0 0.119754 0.601880 0.055173 0.178918
0 0.053856 0.520185 0.058183 0.167564
0 0.217821 0.947783 0.099072 0.104434
