0 0.764504 0.496066 0.058469 0.138849
0 0.645374 0.590714 0.072209 0.188919
0 0.723300 0.536802 0.078322 0.164656
0 0.597941 0.288804 0.041715 0.117206
0 0.469362 0.363821 0.033413 0.083412
0 0.311864 0.407586 0.042754 0.138655
0 0.434213 0.331131 0.036766 0.074458
0 0.882352 0.643934 0.081392 0.257836
0 0.374045 0.474557 0.050062 0.165544
0 0.550672 0.403385 0.049238 0.127266
0 0.428994 0.513095 0.077385 0.191832
0 0.519676 0.382686 0.035698 0.101295
0 0.158880 0.902549 0.075477 0.149599
0 0.591835 0.497492 0.067671 0.281272
0 0.211275 0.939538 0.073705 0.120924
0 0.066830 0.487264 0.041707 0.124691
0 0.119296 0.588422 0.046580 0.151081
0 0.575207 0.278393 0.028287 0.097585
0 0.834605 0.753692 0.089211 0.204713
0 0.050086 0.552883 0.040612 0.106854
