0 0.719591 0.551387 0.062030 0.153220
0 0.540939 0.394662 0.044110 0.105741
0 0.780067 0.504062 0.062588 0.095171
0 0.418442 0.504477 0.074007 0.176688
0 0.068584 0.541324 0.044763 0.112829
0 0.352676 0.317519 0.049011 0.102211
0 0.618537 0.286445 0.044383 0.114782
0 0.470876 0.357988 0.030538 0.081093
0 0.440902 0.329612 0.035273 0.094893
0 0.500669 0.385982 0.036296 0.096818
0 0.551810 0.276330 0.039107 0.145130
0 0.317477 0.421399 0.046263 0.137117
0 0.581401 0.279421 0.039018 0.100447
0 0.381406 0.482166 0.046545 0.157975
0 0.906456 0.633490 0.065915 0.257820
0 0.190291 0.962705 0.080313 0.074591
0 0.844631 0.706774 0.086556 0.232693
0 0.130313 0.560263 0.057567 0.109839
0 0.172667 0.915462 0.090147 0.163897
0 0.054490 0.479741 0.042398 0.123997
0 0.062145 0.507502 0.060083 0.181039
0 0.292587 0.467342 0.063707 0.149262
