0 0.465813 0.364366 0.039216 0.083780
0 0.302212 0.417763 0.054988 0.128953
0 0.069663 0.536312 0.041562 0.120777
0 0.599268 0.289011 0.041192 0.114985
0 0.731703 0.540431 0.085795 0.166270
0 0.788571 0.489151 0.086722 0.140554
0 0.544327 0.399698 0.039962 0.115382
0 0.506790 0.395155 0.032334 0.086830
0 0.431709 0.325568 0.035694 0.076589
0 0.382845 0.453787 0.046694 0.139074
0 0.189802 0.963251 0.075570 0.073498
0 0.886697 0.629796 0.084685 0.277082
0 0.123569 0.580290 0.053194 0.137890
0 0.726174 0.411326 0.057011 0.187759
0 0.833007 0.758662 0.077335 0.207707
0 0.433951 0.528447 0.078653 0.217346
0 0.626091 0.601014 0.100067 0.222402
0 0.055828 0.493990 0.037578 0.125019
0 0.164028 0.913533 0.080768 0.147921
0 0.576964 0.501074 0.078047 0.249828
0 0.575243 0.278933 0.029867 0.102265
0 0.578353 0.440380 0.070369 0.125669
0 0.536263 0.264289 0.029792 0.129392
