0 0.301741 0.418778 0.053230 0.131984
0 0.465366 0.364511 0.038404 0.086197
0 0.598587 0.289168 0.042122 0.114978
0 0.788615 0.490125 0.087416 0.143073
0 0.730955 0.538623 0.083705 0.163445
0 0.431902 0.326447 0.035318 0.076042
0 0.543392 0.396211 0.038765 0.120935
0 0.505394 0.395119 0.031889 0.086250
0 0.190021 0.962968 0.075937 0.074065
0 0.728326 0.413476 0.053956 0.190607
0 0.887556 0.630222 0.084906 0.279632
0 0.384686 0.454091 0.049677 0.139344
0 0.123844 0.581326 0.052724 0.139281
0 0.831800 0.756567 0.077860 0.208690
0 0.434364 0.534128 0.080388 0.223518
0 0.163789 0.912675 0.081780 0.146745
0 0.060429 0.515477 0.052159 0.166831
0 0.069198 0.538717 0.039727 0.116321
0 0.577816 0.502575 0.080372 0.255410
0 0.575170 0.277279 0.029745 0.096729
0 0.626260 0.579312 0.078045 0.166767
0 0.540257 0.269082 0.034126 0.132847
0 0.056912 0.487899 0.038833 0.110127
0 0.577464 0.444838 0.072800 0.138247
