0 0.068911 0.538102 0.041860 0.119183
0 0.432688 0.518871 0.085592 0.194898
0 0.466711 0.365956 0.038958 0.087320
0 0.869599 0.439553 0.073742 0.195764
0 0.733418 0.533588 0.095128 0.150923
0 0.542403 0.396986 0.036630 0.121492
0 0.302159 0.419513 0.054130 0.131553
0 0.791679 0.479319 0.087914 0.140581
0 0.894339 0.619412 0.074662 0.271902
0 0.504334 0.388281 0.032581 0.095971
0 0.190987 0.963853 0.079134 0.072295
0 0.433129 0.332249 0.037238 0.091714
0 0.824321 0.752420 0.086904 0.211570
0 0.577149 0.503253 0.078308 0.257836
0 0.161875 0.911935 0.082604 0.143338
0 0.122061 0.590563 0.055927 0.145565
0 0.380045 0.479307 0.039881 0.154834
0 0.596516 0.286032 0.049182 0.120127
0 0.550131 0.272103 0.033241 0.140285
0 0.050789 0.482375 0.026412 0.130184
0 0.654853 0.593794 0.118873 0.211745
0 0.580740 0.446370 0.066840 0.144670
0 0.676115 0.570579 0.080297 0.161570
