0 0.772058 0.442736 0.064637 0.215072
0 0.472178 0.354939 0.045852 0.083109
0 0.591518 0.445408 0.068202 0.177370
0 0.894000 0.422750 0.053487 0.256655
0 0.705090 0.497172 0.059143 0.215894
0 0.306004 0.418698 0.038882 0.137035
0 0.383491 0.481475 0.041706 0.159283
0 0.880937 0.642291 0.086379 0.261465
0 0.535633 0.406967 0.054541 0.113120
0 0.427240 0.514080 0.081198 0.196696
0 0.853428 0.404360 0.041605 0.228761
0 0.216815 0.936000 0.104396 0.128000
0 0.432278 0.332615 0.040640 0.086299
0 0.820229 0.817951 0.122700 0.342900
0 0.645186 0.597920 0.097087 0.201623
0 0.148251 0.896425 0.073400 0.188305
0 0.539870 0.268823 0.026883 0.127116
0 0.599214 0.291238 0.039029 0.113531
0 0.122250 0.589864 0.045335 0.160002
0 0.054896 0.520871 0.061148 0.166347
0 0.571712 0.273102 0.028786 0.087623
0 0.048851 0.487897 0.045711 0.098828
