0 0.705302 0.542469 0.060098 0.168321
0 0.779119 0.509817 0.066941 0.129270
0 0.635552 0.591496 0.087537 0.210481
0 0.439783 0.519340 0.076141 0.197523
0 0.386809 0.480569 0.049941 0.158283
0 0.552894 0.405054 0.049171 0.122711
0 0.880759 0.412731 0.062265 0.234090
0 0.183142 0.880045 0.074554 0.179167
0 0.120153 0.622031 0.059582 0.206581
0 0.306084 0.417312 0.039884 0.141560
0 0.844870 0.397985 0.050185 0.236949
0 0.434437 0.329476 0.040290 0.081751
0 0.877911 0.629548 0.087406 0.261427
0 0.594478 0.445554 0.060487 0.172199
0 0.604903 0.290010 0.036767 0.112134
0 0.576749 0.271658 0.030548 0.091925
0 0.478388 0.360656 0.030885 0.064065
0 0.540520 0.268759 0.029995 0.125332
0 0.058241 0.548526 0.052079 0.112585
0 0.479942 0.415735 0.031247 0.081762
0 0.221619 0.948249 0.084823 0.103503
0 0.842070 0.761199 0.087866 0.193730
