0 0.715584 0.541608 0.072190 0.170287
0 0.791060 0.489539 0.086867 0.157521
0 0.613630 0.614206 0.072130 0.195166
0 0.439269 0.518970 0.075755 0.198002
0 0.436295 0.329170 0.039214 0.086194
0 0.880830 0.412402 0.060959 0.234315
0 0.597590 0.288188 0.041282 0.118116
0 0.182956 0.880535 0.074163 0.190592
0 0.306801 0.414943 0.040967 0.141624
0 0.843070 0.398538 0.048275 0.234576
0 0.388907 0.483019 0.046749 0.154485
0 0.119303 0.622119 0.059042 0.203595
0 0.476199 0.349868 0.034689 0.083521
0 0.546276 0.267374 0.040219 0.123548
0 0.877042 0.640729 0.089587 0.264432
0 0.594471 0.446876 0.061989 0.172824
0 0.226261 0.946778 0.086070 0.106444
0 0.520822 0.412676 0.077954 0.114157
0 0.050764 0.519547 0.062257 0.172217
