0 0.712388 0.540601 0.068172 0.165707
0 0.787452 0.496150 0.090867 0.155891
0 0.438426 0.519338 0.079049 0.184509
0 0.469258 0.366156 0.036452 0.083420
0 0.378087 0.479871 0.050263 0.159231
0 0.537954 0.395878 0.071724 0.135180
0 0.432058 0.330264 0.040724 0.076556
0 0.116302 0.623614 0.067474 0.206355
0 0.910671 0.609638 0.067437 0.234242
0 0.188527 0.963950 0.077038 0.072100
0 0.646025 0.567707 0.065675 0.157014
0 0.074405 0.537859 0.050337 0.119906
0 0.316130 0.411091 0.048943 0.116723
0 0.580454 0.491569 0.079264 0.284791
0 0.604941 0.294908 0.046125 0.108050
0 0.161363 0.916006 0.085190 0.152469
0 0.504391 0.378978 0.031848 0.083607
0 0.835048 0.755171 0.081362 0.214067
0 0.571942 0.280231 0.030399 0.103835
0 0.295191 0.573695 0.087530 0.412787
0 0.056374 0.494547 0.038056 0.123622
0 0.548288 0.271338 0.050811 0.135031
0 0.581821 0.423616 0.074048 0.153730
