0 0.647649 0.587862 0.075381 0.188764
0 0.710250 0.544106 0.060700 0.162242
0 0.300961 0.419251 0.045697 0.146691
0 0.598061 0.288678 0.041886 0.117713
0 0.240199 0.928061 0.136589 0.143877
0 0.469190 0.364563 0.032297 0.080525
0 0.421060 0.512130 0.075352 0.164942
0 0.434315 0.331922 0.036584 0.073442
0 0.167261 0.914404 0.089350 0.169318
0 0.751723 0.497067 0.043477 0.155681
0 0.551067 0.395939 0.049568 0.140088
0 0.885826 0.641090 0.088341 0.264800
0 0.524339 0.383890 0.038903 0.106203
0 0.591590 0.497468 0.066780 0.281946
0 0.122018 0.588029 0.054920 0.139535
0 0.377803 0.444146 0.037127 0.121764
0 0.060609 0.550740 0.046309 0.104270
0 0.064678 0.477221 0.037397 0.103948
0 0.825211 0.758307 0.080055 0.217173
