0 0.778109 0.475755 0.070545 0.152432
0 0.417091 0.503259 0.070796 0.170718
0 0.346193 0.325195 0.046577 0.107133
0 0.622007 0.292271 0.040446 0.116838
0 0.725701 0.551863 0.070146 0.151471
0 0.686009 0.499485 0.056402 0.281368
0 0.883943 0.640774 0.084652 0.265681
0 0.505438 0.393153 0.038995 0.093916
0 0.819184 0.818506 0.114894 0.333411
0 0.315150 0.414974 0.049193 0.116073
0 0.476492 0.353682 0.041481 0.095897
0 0.379229 0.467953 0.040557 0.134534
0 0.570683 0.383340 0.041118 0.103310
0 0.174078 0.920743 0.096947 0.157112
0 0.581222 0.281017 0.039542 0.110224
0 0.429329 0.341975 0.039216 0.075677
0 0.068535 0.534884 0.044905 0.124062
0 0.179559 0.959263 0.100489 0.081474
0 0.572103 0.448398 0.061055 0.089302
0 0.127453 0.560125 0.054661 0.106777
0 0.535377 0.266483 0.033177 0.128473
