0 0.781431 0.492614 0.070406 0.154761
0 0.615934 0.608091 0.074270 0.202163
0 0.590378 0.444530 0.064419 0.170174
0 0.712451 0.538296 0.045892 0.166037
0 0.134063 0.646399 0.067735 0.223628
0 0.595708 0.288062 0.042800 0.121070
0 0.072311 0.527070 0.052748 0.135650
0 0.309154 0.412347 0.039026 0.133033
0 0.547085 0.405156 0.046792 0.121822
0 0.903141 0.501348 0.049935 0.130028
0 0.261324 0.924117 0.085128 0.151766
0 0.434670 0.327909 0.039556 0.090659
0 0.040074 0.518179 0.037868 0.156023
0 0.392830 0.514108 0.081851 0.317119
0 0.548759 0.259744 0.031062 0.120725
0 0.493420 0.383321 0.054881 0.105769
0 0.940992 0.572390 0.061587 0.251831
0 0.467318 0.352248 0.028190 0.069018
