0 0.470321 0.357432 0.042351 0.083616
0 0.643002 0.597560 0.127907 0.223584
0 0.434101 0.326894 0.037273 0.079962
0 0.303956 0.419213 0.039877 0.140660
0 0.423844 0.503938 0.070651 0.173420
0 0.893525 0.422467 0.053128 0.244042
0 0.163793 0.912873 0.090085 0.172107
0 0.381819 0.479089 0.042099 0.162975
0 0.535867 0.407319 0.054575 0.116300
0 0.880704 0.635156 0.080135 0.259719
0 0.850828 0.401686 0.040083 0.230329
0 0.215348 0.936762 0.097385 0.126476
0 0.592080 0.428910 0.064543 0.141787
0 0.061949 0.545518 0.044084 0.116928
0 0.605141 0.299615 0.050290 0.110673
0 0.591978 0.488640 0.069963 0.259925
0 0.115515 0.601861 0.052058 0.153386
0 0.822156 0.750830 0.097025 0.169792
0 0.575118 0.276918 0.024107 0.090331
0 0.549134 0.271674 0.047230 0.134207
0 0.052394 0.522417 0.056750 0.167042
