0 0.632854 0.595238 0.093768 0.217097
0 0.473452 0.354146 0.045604 0.085642
0 0.435770 0.326457 0.039645 0.087955
0 0.535915 0.407085 0.053902 0.114252
0 0.893396 0.424784 0.053466 0.252232
0 0.222815 0.931304 0.117848 0.137393
0 0.422107 0.505453 0.072424 0.174811
0 0.307804 0.412001 0.040272 0.140649
0 0.882895 0.651398 0.089412 0.255503
0 0.851203 0.402398 0.039753 0.229533
0 0.591593 0.440837 0.066958 0.166321
0 0.161585 0.917066 0.084017 0.155688
0 0.798053 0.821450 0.144933 0.355931
0 0.576591 0.277272 0.028734 0.097445
0 0.378185 0.474849 0.038739 0.164474
0 0.607438 0.298205 0.053865 0.111482
0 0.053025 0.520104 0.057785 0.163102
0 0.120267 0.597004 0.045813 0.157345
0 0.539436 0.268093 0.027859 0.127784
