0 0.649205 0.594531 0.099224 0.197686
0 0.714441 0.535949 0.063793 0.159993
0 0.555642 0.397013 0.046875 0.127723
0 0.429033 0.512022 0.075866 0.185071
0 0.598369 0.289607 0.041843 0.118090
0 0.470030 0.363640 0.035512 0.080310
0 0.763689 0.483751 0.051951 0.157049
0 0.883101 0.645615 0.081517 0.254122
0 0.435126 0.334019 0.040592 0.070329
0 0.313291 0.407996 0.044711 0.140100
0 0.164012 0.916060 0.093270 0.167880
0 0.376577 0.479449 0.046312 0.159248
0 0.517441 0.391493 0.037255 0.103677
0 0.827328 0.752340 0.092447 0.207567
0 0.219109 0.940256 0.087970 0.119487
0 0.589761 0.497277 0.069162 0.282649
0 0.068849 0.506030 0.051511 0.160860
0 0.113366 0.598200 0.048044 0.152007
0 0.575271 0.278163 0.028184 0.098918
0 0.052094 0.558389 0.049342 0.098099
0 0.546455 0.268408 0.037216 0.129000
