0 0.466557 0.365386 0.038992 0.087899
0 0.302478 0.417107 0.055205 0.129595
0 0.824971 0.756075 0.087408 0.202100
0 0.788823 0.490720 0.086436 0.142655
0 0.729043 0.537728 0.079860 0.164395
0 0.502597 0.388847 0.035064 0.093612
0 0.544088 0.399034 0.039829 0.117645
0 0.655681 0.499791 0.056745 0.261458
0 0.884330 0.632015 0.083368 0.257089
0 0.069827 0.537339 0.041894 0.118816
0 0.123866 0.581304 0.053173 0.138765
0 0.428847 0.326329 0.042347 0.081858
0 0.432685 0.538156 0.078133 0.237532
0 0.576234 0.500887 0.078478 0.251734
0 0.164679 0.910908 0.080501 0.143591
0 0.382657 0.471928 0.045440 0.171205
0 0.577705 0.443099 0.070604 0.133046
0 0.056237 0.493037 0.037994 0.122088
0 0.596440 0.289681 0.043712 0.120484
0 0.540864 0.268148 0.033907 0.135086
0 0.618300 0.576015 0.079542 0.169918
