0 0.346682 0.324059 0.045945 0.103577
0 0.417262 0.503778 0.070895 0.168152
0 0.477671 0.354915 0.042831 0.103101
0 0.580046 0.281861 0.035637 0.110805
0 0.315752 0.412693 0.050314 0.122855
0 0.818632 0.820572 0.115554 0.339298
0 0.784674 0.476896 0.098685 0.137131
0 0.894491 0.631994 0.072881 0.272166
0 0.068101 0.536069 0.044507 0.122089
0 0.616639 0.285714 0.046231 0.119615
0 0.914644 0.502039 0.046588 0.133328
0 0.507323 0.387698 0.037675 0.100366
0 0.375751 0.466833 0.039664 0.139250
0 0.430891 0.341041 0.046621 0.072252
0 0.174100 0.913581 0.088545 0.165669
0 0.181353 0.958563 0.097423 0.082874
0 0.549614 0.269336 0.038564 0.135340
0 0.574148 0.380950 0.033569 0.104366
0 0.135093 0.590257 0.074630 0.170541
0 0.125719 0.557724 0.054727 0.103665
0 0.051770 0.516339 0.041728 0.167636
0 0.570449 0.446508 0.068980 0.095214
