0 0.471731 0.355179 0.045741 0.083375
0 0.591511 0.446057 0.068630 0.180382
0 0.772038 0.440003 0.065318 0.210224
0 0.639036 0.600506 0.090598 0.201795
0 0.425040 0.510569 0.077600 0.188167
0 0.721301 0.492010 0.047259 0.211723
0 0.893221 0.416454 0.053202 0.244049
0 0.217171 0.935352 0.103470 0.129297
0 0.535629 0.406811 0.054172 0.112522
0 0.306175 0.418737 0.039174 0.135541
0 0.430123 0.331936 0.043966 0.087791
0 0.852520 0.405101 0.040249 0.229626
0 0.884623 0.630253 0.072886 0.274052
0 0.379926 0.482631 0.038829 0.157913
0 0.820629 0.818213 0.121561 0.342489
0 0.148448 0.897839 0.072798 0.185152
0 0.539945 0.267252 0.027115 0.123740
0 0.057630 0.521074 0.067805 0.166470
0 0.610984 0.291604 0.050615 0.116918
0 0.573603 0.273621 0.034304 0.093136
0 0.135493 0.602961 0.074751 0.163784
