0 0.781005 0.487615 0.071751 0.134959
0 0.722516 0.555023 0.077072 0.146250
0 0.467843 0.359719 0.037801 0.095770
0 0.540780 0.399721 0.044107 0.133204
0 0.899088 0.474842 0.058592 0.171692
0 0.068070 0.540763 0.044000 0.121100
0 0.613901 0.289183 0.043667 0.111465
0 0.352759 0.317258 0.046324 0.102395
0 0.591548 0.484835 0.067666 0.268102
0 0.296918 0.298871 0.043432 0.171554
0 0.422651 0.503494 0.069249 0.181886
0 0.498079 0.384834 0.037892 0.096480
0 0.580295 0.279731 0.036409 0.102172
0 0.552165 0.276652 0.037321 0.146191
0 0.273462 0.348991 0.032694 0.087440
0 0.430073 0.326970 0.033189 0.096172
0 0.317879 0.426161 0.057757 0.147784
0 0.822909 0.747086 0.120656 0.188278
