0 0.781760 0.489248 0.069696 0.156950
0 0.547720 0.402240 0.047974 0.129983
0 0.719319 0.542288 0.055533 0.156438
0 0.597386 0.289248 0.043785 0.118899
0 0.623845 0.604487 0.084313 0.207025
0 0.134107 0.645584 0.067074 0.224884
0 0.308248 0.414416 0.037499 0.130428
0 0.072424 0.526408 0.053647 0.135676
0 0.590313 0.436620 0.063513 0.155493
0 0.905788 0.500807 0.049481 0.126100
0 0.392683 0.512900 0.082720 0.320588
0 0.548267 0.260046 0.031779 0.120232
0 0.426674 0.330682 0.056426 0.093124
0 0.040522 0.516634 0.038910 0.154711
0 0.943728 0.571190 0.060535 0.250762
0 0.238685 0.934866 0.068234 0.123860
0 0.202380 0.935282 0.138848 0.129436
0 0.494018 0.383228 0.056055 0.106449
0 0.467501 0.351289 0.026743 0.066180
0 0.152222 0.874401 0.079140 0.139910
