0 0.644590 0.589615 0.072188 0.189757
0 0.762459 0.494520 0.056621 0.138974
0 0.722796 0.536765 0.076192 0.165696
0 0.555067 0.397143 0.052529 0.115824
0 0.598048 0.288787 0.042225 0.119406
0 0.512828 0.387121 0.037717 0.103510
0 0.470089 0.365011 0.034349 0.082836
0 0.429099 0.513623 0.079383 0.191149
0 0.434386 0.331720 0.036560 0.074236
0 0.882706 0.647616 0.082129 0.249270
0 0.311796 0.408028 0.041497 0.140862
0 0.828729 0.755744 0.087334 0.208458
0 0.375630 0.473166 0.044606 0.163413
0 0.216067 0.940979 0.088014 0.118041
0 0.068180 0.507123 0.052180 0.167755
0 0.162866 0.916776 0.090215 0.166449
0 0.590470 0.497003 0.071433 0.282602
0 0.119707 0.607922 0.052298 0.169223
0 0.575498 0.278407 0.028189 0.100128
