0 0.787953 0.492290 0.091738 0.156551
0 0.723521 0.543064 0.061803 0.149463
0 0.302225 0.418511 0.054509 0.130556
0 0.598712 0.287403 0.040538 0.118129
0 0.469474 0.356233 0.043395 0.098544
0 0.435246 0.326768 0.040374 0.074325
0 0.123693 0.580996 0.053698 0.143712
0 0.190094 0.963259 0.078507 0.073481
0 0.884732 0.630276 0.083264 0.256904
0 0.501446 0.388498 0.037351 0.096258
0 0.073437 0.538714 0.049332 0.115803
0 0.429646 0.533600 0.076052 0.232509
0 0.378729 0.450926 0.038934 0.135561
0 0.528210 0.521227 0.099422 0.403213
0 0.055849 0.494106 0.037194 0.125056
0 0.843437 0.757068 0.085559 0.206228
0 0.632872 0.573151 0.064299 0.153510
0 0.536105 0.257541 0.029048 0.115478
0 0.163252 0.916459 0.084292 0.143081
0 0.829683 0.816414 0.116878 0.326902
