0 0.706057 0.535925 0.053868 0.150176
0 0.598641 0.287716 0.042522 0.119870
0 0.440986 0.522876 0.078675 0.184050
0 0.657275 0.587659 0.097923 0.190055
0 0.882776 0.630925 0.079248 0.255982
0 0.548174 0.402647 0.048391 0.124777
0 0.808468 0.417790 0.073364 0.198688
0 0.467592 0.365616 0.030718 0.081209
0 0.824530 0.750300 0.086127 0.216092
0 0.500722 0.386627 0.038193 0.098722
0 0.421559 0.320526 0.047394 0.092890
0 0.787923 0.495094 0.098301 0.175582
0 0.589351 0.422174 0.058966 0.140361
0 0.300119 0.424563 0.059533 0.137364
0 0.123922 0.619903 0.064471 0.200292
0 0.160502 0.925190 0.079203 0.147165
0 0.219292 0.938307 0.089402 0.123387
0 0.059906 0.542075 0.045539 0.122268
0 0.566047 0.498666 0.107002 0.293355
0 0.390673 0.454198 0.036759 0.101212
0 0.068751 0.475904 0.031993 0.098744
