0 0.706305 0.541308 0.066466 0.177562
0 0.539808 0.401241 0.047073 0.127569
0 0.779898 0.500118 0.077579 0.161196
0 0.442902 0.518959 0.075115 0.198352
0 0.828685 0.430366 0.063831 0.185933
0 0.501324 0.387004 0.038543 0.098440
0 0.472605 0.358030 0.044704 0.096203
0 0.069326 0.537543 0.043653 0.119917
0 0.901160 0.629590 0.066167 0.268462
0 0.310036 0.417683 0.043684 0.127336
0 0.376215 0.477354 0.041634 0.158795
0 0.615977 0.599263 0.071322 0.224592
0 0.437748 0.323030 0.041486 0.082978
0 0.143090 0.592249 0.077241 0.178776
0 0.166086 0.908428 0.094476 0.163448
0 0.589574 0.474465 0.060745 0.263238
0 0.167896 0.951441 0.056056 0.097118
0 0.054112 0.487379 0.035747 0.110582
0 0.549321 0.276666 0.051262 0.148879
0 0.826733 0.821692 0.121074 0.337396
0 0.057822 0.515493 0.048262 0.167523
