0 0.731278 0.537212 0.085097 0.164254
0 0.788962 0.487368 0.087206 0.145474
0 0.302232 0.419069 0.054342 0.130895
0 0.599271 0.287920 0.040406 0.119139
0 0.471223 0.354929 0.040568 0.102903
0 0.640968 0.579194 0.060658 0.153686
0 0.189844 0.963223 0.078129 0.073555
0 0.503644 0.387685 0.034714 0.097324
0 0.123795 0.581341 0.054239 0.139146
0 0.434871 0.322549 0.041124 0.071752
0 0.072950 0.538321 0.048710 0.118124
0 0.577753 0.524321 0.110665 0.395345
0 0.541196 0.395367 0.038079 0.112670
0 0.884751 0.629252 0.088738 0.274637
0 0.379590 0.452618 0.043854 0.137372
0 0.432033 0.537408 0.078193 0.234658
0 0.162614 0.914855 0.085433 0.147400
0 0.817259 0.818123 0.097459 0.324089
0 0.056247 0.493083 0.038080 0.120197
0 0.536909 0.263911 0.029515 0.128051
