0 0.720970 0.549396 0.062858 0.156232
0 0.420755 0.503031 0.072039 0.175170
0 0.067037 0.542586 0.044416 0.114669
0 0.783968 0.503116 0.067983 0.094708
0 0.439343 0.332806 0.031587 0.097503
0 0.538968 0.392183 0.047873 0.110795
0 0.617369 0.289529 0.042396 0.109970
0 0.352819 0.319694 0.049875 0.099810
0 0.473351 0.366035 0.031624 0.084027
0 0.380566 0.470965 0.043474 0.171150
0 0.850219 0.699028 0.089763 0.244808
0 0.503384 0.387378 0.042594 0.099234
0 0.316784 0.425357 0.050022 0.147041
0 0.581564 0.278133 0.038645 0.100486
0 0.551571 0.277871 0.038983 0.148696
0 0.930635 0.526429 0.057030 0.221999
0 0.131071 0.560429 0.054937 0.107613
0 0.261457 0.336960 0.049028 0.205334
0 0.170823 0.894419 0.089749 0.159774
0 0.272299 0.481899 0.061267 0.210508
0 0.277961 0.424380 0.047431 0.095974
