0 0.716550 0.545875 0.064891 0.148924
0 0.468930 0.366059 0.036873 0.081897
0 0.786942 0.494603 0.090640 0.158607
0 0.548449 0.392969 0.053167 0.133236
0 0.375581 0.479654 0.050047 0.161187
0 0.908687 0.615314 0.077251 0.253790
0 0.315323 0.414488 0.050462 0.122673
0 0.504314 0.386069 0.032199 0.095953
0 0.188144 0.963523 0.077112 0.072953
0 0.430673 0.329674 0.040683 0.080594
0 0.714449 0.424420 0.081533 0.258392
0 0.436911 0.527371 0.085796 0.203611
0 0.161214 0.917514 0.084952 0.155771
0 0.549002 0.271719 0.051530 0.139720
0 0.581570 0.430472 0.079252 0.149813
0 0.070766 0.538181 0.045965 0.118876
0 0.603050 0.300117 0.043778 0.130682
0 0.580221 0.495341 0.085634 0.274249
0 0.626015 0.554566 0.070969 0.132864
0 0.059478 0.514632 0.046355 0.165027
