0 0.779829 0.494935 0.107290 0.175688
0 0.472910 0.361137 0.040424 0.090749
0 0.346837 0.327017 0.047916 0.102721
0 0.625039 0.595630 0.081038 0.216587
0 0.691389 0.545381 0.059887 0.173274
0 0.378148 0.476515 0.044183 0.162247
0 0.316572 0.413000 0.049396 0.120171
0 0.426901 0.505995 0.071507 0.185463
0 0.912321 0.654054 0.066487 0.248276
0 0.621494 0.294545 0.040871 0.108647
0 0.505356 0.390734 0.028051 0.094408
0 0.569415 0.435657 0.063982 0.115552
0 0.549166 0.278800 0.051795 0.145572
0 0.422437 0.330077 0.042051 0.084114
0 0.058795 0.517429 0.054279 0.166565
0 0.832842 0.832689 0.130789 0.334622
0 0.068862 0.538666 0.039295 0.116644
0 0.139479 0.615153 0.087751 0.225121
0 0.132603 0.572190 0.070579 0.134644
0 0.581850 0.275516 0.036346 0.097913
