0 0.778553 0.494645 0.063405 0.110191
0 0.726197 0.550489 0.077745 0.156177
0 0.353169 0.320852 0.045622 0.096954
0 0.417926 0.504408 0.072362 0.174699
0 0.617730 0.286593 0.044181 0.114353
0 0.503718 0.391014 0.035637 0.094955
0 0.907666 0.628781 0.067654 0.248103
0 0.067985 0.540031 0.045506 0.117625
0 0.579345 0.480381 0.092203 0.269241
0 0.329986 0.472374 0.062858 0.173284
0 0.544737 0.386225 0.037445 0.121340
0 0.551403 0.269479 0.039665 0.131725
0 0.173763 0.913902 0.094885 0.166317
0 0.581522 0.279406 0.038268 0.102349
0 0.187747 0.959986 0.079454 0.080029
0 0.380705 0.464108 0.041351 0.169340
0 0.431199 0.332260 0.035397 0.059403
0 0.048135 0.480268 0.028188 0.121629
0 0.822816 0.740263 0.113492 0.176720
0 0.312748 0.399756 0.025370 0.070544
0 0.578985 0.417876 0.085360 0.144969
0 0.459201 0.372806 0.051961 0.080262
0 0.126745 0.573342 0.049636 0.128003
