0 0.787365 0.480353 0.087960 0.151907
0 0.724029 0.548346 0.074011 0.155135
0 0.416934 0.503233 0.071121 0.171326
0 0.891081 0.638489 0.082190 0.272781
0 0.475180 0.353166 0.043931 0.093816
0 0.617147 0.288113 0.045610 0.119472
0 0.819520 0.817861 0.112573 0.334169
0 0.350555 0.323152 0.050629 0.096949
0 0.504519 0.393091 0.041033 0.094539
0 0.315918 0.413274 0.052438 0.120913
0 0.059732 0.516999 0.056419 0.166249
0 0.580701 0.281238 0.037573 0.110406
0 0.376360 0.468326 0.041441 0.140435
0 0.436397 0.336454 0.043357 0.076046
0 0.571570 0.383114 0.040361 0.102373
0 0.747007 0.404817 0.052941 0.154326
0 0.176973 0.921568 0.090707 0.156865
0 0.183892 0.959549 0.090697 0.080902
0 0.131328 0.559297 0.055705 0.110254
0 0.536541 0.268183 0.031085 0.132727
0 0.571739 0.448269 0.060530 0.089467
