0 0.471325 0.353909 0.045694 0.083678
0 0.590917 0.446007 0.068916 0.178137
0 0.781997 0.432819 0.062857 0.216521
0 0.219644 0.932823 0.098018 0.134355
0 0.639642 0.597058 0.086978 0.201969
0 0.438831 0.520929 0.070251 0.200445
0 0.894142 0.414713 0.053231 0.246938
0 0.882167 0.642869 0.085413 0.269253
0 0.816339 0.816752 0.112604 0.337623
0 0.435340 0.328117 0.047670 0.078064
0 0.853747 0.442203 0.045259 0.160179
0 0.162806 0.916972 0.090195 0.166055
0 0.306141 0.418729 0.039138 0.139090
0 0.535526 0.407457 0.054750 0.113357
0 0.388511 0.482134 0.052182 0.159440
0 0.851168 0.358897 0.039083 0.142095
0 0.573424 0.277221 0.034190 0.101162
0 0.052800 0.521455 0.053982 0.164542
0 0.612076 0.320779 0.059126 0.159182
0 0.541213 0.268479 0.030182 0.125225
0 0.120865 0.590689 0.044736 0.152949
