0 0.657924 0.584405 0.094546 0.182697
0 0.542636 0.399828 0.038377 0.128248
0 0.467514 0.364161 0.031081 0.079228
0 0.599050 0.288129 0.041698 0.119381
0 0.441499 0.526906 0.076118 0.174684
0 0.705926 0.535130 0.055750 0.151336
0 0.583858 0.431571 0.056994 0.124013
0 0.787345 0.495177 0.097365 0.178926
0 0.062253 0.540087 0.048599 0.120301
0 0.797878 0.415424 0.072986 0.202209
0 0.504237 0.387894 0.033537 0.095676
0 0.882233 0.631694 0.082860 0.265343
0 0.310746 0.421173 0.047007 0.127270
0 0.561333 0.514411 0.099210 0.291526
0 0.426922 0.325418 0.051129 0.095486
0 0.121563 0.591039 0.055845 0.143688
0 0.831034 0.734495 0.088709 0.181698
0 0.576093 0.278161 0.029230 0.098685
0 0.385804 0.480188 0.046530 0.155737
0 0.070046 0.476524 0.034727 0.105942
0 0.550958 0.273235 0.042587 0.137154
