0 0.707999 0.541552 0.065384 0.168761
0 0.790762 0.492559 0.084666 0.149110
0 0.472458 0.355209 0.044484 0.084067
0 0.430949 0.516255 0.080223 0.193566
0 0.633510 0.595980 0.085557 0.217463
0 0.385294 0.480468 0.044645 0.158812
0 0.596637 0.290728 0.040395 0.114004
0 0.440644 0.326800 0.040328 0.081882
0 0.535677 0.404980 0.054126 0.120842
0 0.181599 0.892758 0.072701 0.181794
0 0.311347 0.409396 0.043319 0.126622
0 0.591594 0.447768 0.068291 0.175357
0 0.893681 0.420687 0.053489 0.252994
0 0.878465 0.631306 0.075970 0.262972
0 0.849669 0.400014 0.039924 0.229807
0 0.540514 0.269119 0.028935 0.126049
0 0.122219 0.591514 0.050699 0.161450
0 0.053237 0.520319 0.057920 0.167687
0 0.218777 0.948470 0.098173 0.103060
0 0.820513 0.817059 0.113546 0.321071
0 0.834207 0.758849 0.077529 0.204908
