0 0.468822 0.364725 0.034551 0.087550
0 0.790815 0.483577 0.089151 0.146360
0 0.871756 0.439574 0.068303 0.200015
0 0.435235 0.520822 0.084513 0.199649
0 0.729213 0.532435 0.081854 0.148418
0 0.068925 0.539164 0.041414 0.116997
0 0.435740 0.330148 0.035661 0.085563
0 0.543300 0.396246 0.038792 0.122984
0 0.893924 0.634708 0.071277 0.267311
0 0.503037 0.388434 0.035385 0.096087
0 0.824666 0.754103 0.085668 0.209755
0 0.303657 0.422428 0.056747 0.137925
0 0.167292 0.910183 0.094783 0.156647
0 0.576067 0.504707 0.078283 0.254460
0 0.121756 0.591685 0.055560 0.145957
0 0.551295 0.273651 0.034254 0.139939
0 0.186873 0.959405 0.077632 0.081191
0 0.652007 0.599331 0.122003 0.203655
0 0.592405 0.293000 0.047308 0.120100
0 0.577624 0.445818 0.070612 0.134485
0 0.382581 0.449748 0.036202 0.095978
0 0.055652 0.485369 0.028543 0.138763
0 0.675424 0.574709 0.078160 0.145212
