0 0.889401 0.496323 0.056259 0.130982
0 0.067330 0.541067 0.044451 0.120351
0 0.469341 0.367784 0.041321 0.085227
0 0.418401 0.503096 0.072367 0.178733
0 0.352647 0.321720 0.047181 0.097668
0 0.438423 0.329544 0.043454 0.089341
0 0.727208 0.548229 0.074801 0.154522
0 0.503849 0.389941 0.036928 0.097287
0 0.537513 0.394246 0.048178 0.111504
0 0.784854 0.504689 0.057796 0.090207
0 0.853949 0.701013 0.094929 0.247534
0 0.609675 0.288036 0.050070 0.116924
0 0.315996 0.423936 0.053508 0.138898
0 0.576778 0.271891 0.029037 0.092391
0 0.551903 0.272124 0.036646 0.137680
0 0.358114 0.485648 0.056276 0.147646
0 0.121858 0.591333 0.046203 0.151813
0 0.573421 0.449186 0.071378 0.095449
