0 0.789933 0.484428 0.093125 0.157127
0 0.466957 0.365305 0.031334 0.080492
0 0.725279 0.540411 0.072567 0.145101
0 0.303165 0.417416 0.051611 0.141089
0 0.600349 0.288734 0.043579 0.119428
0 0.548017 0.396376 0.045781 0.122164
0 0.825429 0.750925 0.087463 0.213405
0 0.882020 0.634792 0.077428 0.258609
0 0.426639 0.511692 0.073785 0.184515
0 0.502935 0.389928 0.035328 0.093430
0 0.649461 0.454862 0.068735 0.239206
0 0.427615 0.327378 0.057392 0.087113
0 0.553088 0.273025 0.036787 0.138356
0 0.120874 0.591121 0.055448 0.143955
0 0.187750 0.963772 0.076254 0.072455
0 0.065848 0.539621 0.040827 0.119840
0 0.575970 0.277288 0.029064 0.095806
0 0.662599 0.571142 0.090891 0.148886
0 0.577747 0.419172 0.069454 0.146003
0 0.381540 0.479915 0.037554 0.141010
