0 0.643203 0.601548 0.122100 0.214455
0 0.304021 0.419287 0.039814 0.140363
0 0.423792 0.504001 0.070927 0.174817
0 0.433826 0.327115 0.037904 0.081362
0 0.893272 0.417135 0.054274 0.233574
0 0.535826 0.407595 0.054418 0.115408
0 0.880234 0.630298 0.079920 0.257915
0 0.380582 0.477700 0.041323 0.164615
0 0.851458 0.402582 0.040684 0.228754
0 0.061903 0.545130 0.046976 0.118909
0 0.164841 0.919038 0.089990 0.154759
0 0.592076 0.492607 0.069150 0.267379
0 0.468825 0.355814 0.044728 0.076423
0 0.217214 0.937233 0.094218 0.125534
0 0.604930 0.298599 0.049810 0.111779
0 0.821217 0.745805 0.103699 0.194978
0 0.114404 0.603252 0.054161 0.153309
0 0.547025 0.270468 0.043596 0.131544
