0 0.719756 0.550977 0.061265 0.154741
0 0.419026 0.504617 0.072066 0.174660
0 0.537617 0.394496 0.042394 0.106565
0 0.778909 0.507003 0.063125 0.089066
0 0.349916 0.322779 0.046061 0.108845
0 0.067649 0.540122 0.043360 0.118242
0 0.617953 0.286485 0.044492 0.114880
0 0.439846 0.328005 0.034559 0.091414
0 0.495161 0.386040 0.043822 0.099988
0 0.377004 0.479292 0.045435 0.158158
0 0.551994 0.276811 0.038677 0.146077
0 0.916817 0.614320 0.056456 0.268389
0 0.061529 0.434498 0.044892 0.149963
0 0.469778 0.360492 0.028434 0.080963
0 0.581260 0.278627 0.038492 0.101253
0 0.317336 0.421428 0.047478 0.131664
0 0.191461 0.959173 0.081188 0.081654
0 0.130963 0.560636 0.055198 0.110273
0 0.854395 0.709282 0.094802 0.249967
0 0.295972 0.469364 0.050868 0.155288
0 0.173630 0.912388 0.084462 0.164950
0 0.139804 0.611462 0.078716 0.212074
