0 0.527979 0.404071 0.065024 0.128808
0 0.439289 0.519156 0.079405 0.196221
0 0.615009 0.290567 0.042644 0.110552
0 0.462816 0.355611 0.030525 0.088226
0 0.648331 0.589984 0.088713 0.181316
0 0.757967 0.500256 0.088472 0.151013
0 0.701288 0.546857 0.064864 0.153295
0 0.434525 0.326122 0.032406 0.094402
0 0.352336 0.317712 0.047381 0.102623
0 0.131167 0.557819 0.054128 0.105966
0 0.820665 0.816793 0.107462 0.343069
0 0.592179 0.422601 0.059147 0.163574
0 0.068542 0.537691 0.043988 0.122487
0 0.324379 0.422596 0.056109 0.154131
0 0.290984 0.354486 0.028705 0.082105
0 0.182372 0.896308 0.104492 0.207384
0 0.039662 0.520163 0.035533 0.165139
0 0.539548 0.266750 0.028364 0.130480
0 0.582246 0.280825 0.037701 0.097864
