0 0.707327 0.545930 0.063786 0.158936
0 0.777174 0.489428 0.076074 0.163828
0 0.474558 0.352871 0.048563 0.099865
0 0.417324 0.504339 0.071043 0.173225
0 0.613873 0.286034 0.046785 0.113833
0 0.349686 0.324082 0.049745 0.099759
0 0.505790 0.386480 0.036221 0.098991
0 0.066681 0.538266 0.047154 0.122312
0 0.315184 0.412807 0.050429 0.121611
0 0.434883 0.331492 0.037343 0.083759
0 0.578913 0.277599 0.032320 0.101269
0 0.173045 0.914438 0.091813 0.167659
0 0.375744 0.477597 0.043082 0.152280
0 0.552282 0.389324 0.044890 0.096869
0 0.180023 0.958191 0.097240 0.083617
0 0.548080 0.257877 0.035771 0.111597
0 0.859948 0.638615 0.095515 0.222090
0 0.128714 0.562695 0.057717 0.108632
0 0.820930 0.739693 0.112907 0.156229
0 0.569792 0.445462 0.066545 0.097287
0 0.053582 0.485765 0.029529 0.109268
0 0.822851 0.672401 0.118475 0.262477
0 0.916977 0.509254 0.057534 0.125222
