0 0.780183 0.489718 0.072377 0.165447
0 0.633562 0.594216 0.083244 0.213073
0 0.715392 0.539615 0.070119 0.169970
0 0.597641 0.287915 0.044664 0.121437
0 0.307280 0.413711 0.039537 0.139397
0 0.398447 0.493065 0.069630 0.187723
0 0.434761 0.330975 0.044964 0.080349
0 0.811533 0.380830 0.061628 0.249572
0 0.160471 0.868032 0.081820 0.217737
0 0.542656 0.395976 0.050871 0.131810
0 0.121251 0.600316 0.059976 0.191877
0 0.050955 0.520855 0.060010 0.165405
0 0.877523 0.412392 0.042939 0.230646
0 0.228998 0.928489 0.087752 0.143023
0 0.550952 0.259033 0.028963 0.113958
0 0.480484 0.353986 0.033757 0.079240
0 0.592945 0.446495 0.061161 0.171475
0 0.883834 0.644777 0.090519 0.269506
