0 0.597404 0.287311 0.041199 0.119935
0 0.787371 0.493404 0.091331 0.159126
0 0.547337 0.401241 0.045103 0.128588
0 0.430980 0.520495 0.078537 0.189428
0 0.503956 0.389080 0.032618 0.092280
0 0.433875 0.333202 0.036045 0.076500
0 0.715718 0.536202 0.062568 0.166376
0 0.465553 0.364591 0.031555 0.080709
0 0.308296 0.419494 0.040560 0.130276
0 0.588119 0.425057 0.057665 0.138160
0 0.886078 0.650438 0.084268 0.245051
0 0.121541 0.591055 0.057486 0.144427
0 0.646257 0.580396 0.085383 0.179973
0 0.070053 0.505652 0.051148 0.164068
0 0.833473 0.745582 0.087066 0.193573
0 0.386692 0.449343 0.027001 0.086888
0 0.587720 0.499144 0.060090 0.282906
0 0.052646 0.558968 0.047163 0.096858
0 0.380778 0.484435 0.037611 0.155365
