0 0.781493 0.490603 0.070011 0.154060
0 0.615395 0.608962 0.078710 0.203791
0 0.436485 0.327991 0.042763 0.078195
0 0.071701 0.526989 0.053267 0.136368
0 0.590544 0.437790 0.064462 0.157405
0 0.306111 0.417251 0.034474 0.127377
0 0.134458 0.646481 0.068509 0.221926
0 0.717573 0.540072 0.055792 0.165525
0 0.546217 0.404162 0.049093 0.126089
0 0.615800 0.292598 0.043800 0.117482
0 0.585398 0.275821 0.034978 0.097913
0 0.256562 0.929277 0.091973 0.137674
0 0.168833 0.896412 0.089928 0.198653
0 0.039056 0.518814 0.035512 0.157582
0 0.392385 0.513397 0.082965 0.318828
0 0.894968 0.645883 0.082553 0.313136
0 0.906007 0.494453 0.044910 0.111387
0 0.549710 0.259430 0.035598 0.120823
0 0.473924 0.353287 0.032619 0.067297
