0 0.069047 0.538915 0.042051 0.117797
0 0.466897 0.365463 0.037728 0.086449
0 0.598897 0.291011 0.039908 0.114268
0 0.906114 0.608410 0.068982 0.264809
0 0.299944 0.416532 0.053057 0.130355
0 0.788288 0.492556 0.090240 0.135149
0 0.730514 0.538902 0.081097 0.159648
0 0.666875 0.576916 0.071815 0.145480
0 0.502505 0.386232 0.035182 0.092983
0 0.824851 0.754676 0.086005 0.216028
0 0.380194 0.479750 0.043956 0.156684
0 0.572789 0.271538 0.031007 0.093870
0 0.433702 0.334186 0.038259 0.090948
0 0.123864 0.575763 0.053621 0.123228
0 0.553320 0.260986 0.033101 0.106092
0 0.560625 0.515409 0.077683 0.397665
0 0.539306 0.389153 0.034634 0.123159
0 0.044833 0.490441 0.031376 0.115820
0 0.429479 0.533335 0.080124 0.230927
