0 0.769683 0.483437 0.055839 0.132796
0 0.727303 0.551184 0.082812 0.155987
0 0.548855 0.391480 0.052378 0.126284
0 0.421642 0.503903 0.074262 0.176059
0 0.504593 0.389241 0.038070 0.096364
0 0.910680 0.616256 0.062076 0.266319
0 0.617962 0.286267 0.045117 0.119078
0 0.350927 0.323129 0.048946 0.099673
0 0.316859 0.415350 0.051509 0.116120
0 0.060937 0.515773 0.060928 0.169906
0 0.367912 0.476390 0.057205 0.160069
0 0.628358 0.503567 0.090853 0.243696
0 0.552015 0.270322 0.040395 0.134840
0 0.188639 0.960772 0.082914 0.078455
0 0.173833 0.919371 0.095588 0.158547
0 0.826858 0.732058 0.119308 0.143668
0 0.434137 0.337312 0.037089 0.062743
0 0.582345 0.281347 0.039649 0.099708
0 0.570058 0.440793 0.068035 0.097746
0 0.127677 0.564025 0.055046 0.112667
