0 0.432500 0.518269 0.084903 0.190683
0 0.789693 0.484903 0.093871 0.155550
0 0.723619 0.537628 0.074304 0.145447
0 0.657119 0.472320 0.078248 0.221239
0 0.603613 0.288643 0.045383 0.113698
0 0.887051 0.631080 0.078536 0.263160
0 0.467381 0.365402 0.030664 0.080337
0 0.309548 0.413523 0.052007 0.148485
0 0.545790 0.390178 0.042305 0.131719
0 0.424947 0.327443 0.055642 0.084979
0 0.824874 0.752345 0.085474 0.209500
0 0.502808 0.389611 0.035135 0.094927
0 0.188408 0.964514 0.077099 0.070973
0 0.553352 0.268883 0.037354 0.132330
0 0.121486 0.591395 0.055436 0.143194
0 0.064232 0.493279 0.036837 0.137099
0 0.577668 0.277290 0.031305 0.098831
0 0.074578 0.538225 0.045310 0.118777
0 0.664025 0.572254 0.087609 0.151231
0 0.575379 0.502698 0.075794 0.263453
0 0.576153 0.434146 0.065242 0.126016
0 0.380190 0.480732 0.036711 0.146134
