0 0.641697 0.590793 0.090832 0.202851
0 0.791051 0.479278 0.081596 0.149573
0 0.726290 0.553775 0.082002 0.139846
0 0.417563 0.503072 0.071046 0.170738
0 0.502316 0.388621 0.037905 0.099062
0 0.350951 0.322829 0.049597 0.097517
0 0.621550 0.292292 0.040905 0.113487
0 0.316266 0.414841 0.049516 0.117829
0 0.176222 0.903399 0.089044 0.191860
0 0.473544 0.356590 0.035898 0.099932
0 0.185284 0.958697 0.091634 0.082606
0 0.067899 0.537224 0.040965 0.119056
0 0.546629 0.273036 0.047635 0.132937
0 0.371957 0.464842 0.039251 0.141054
0 0.569541 0.383386 0.041110 0.103362
0 0.581813 0.281227 0.039418 0.108217
0 0.427204 0.343964 0.040044 0.068466
0 0.826364 0.817435 0.114702 0.332382
0 0.571780 0.448044 0.062019 0.090273
0 0.877199 0.602456 0.068440 0.197798
