0 0.718193 0.547509 0.068200 0.158342
0 0.888576 0.495602 0.062252 0.134316
0 0.501299 0.390094 0.038387 0.097306
0 0.420403 0.502787 0.072329 0.173279
0 0.472910 0.363808 0.038622 0.088222
0 0.432730 0.332167 0.037253 0.091158
0 0.538348 0.391194 0.047643 0.111209
0 0.069284 0.537691 0.041496 0.122917
0 0.617937 0.289061 0.042963 0.105700
0 0.352485 0.320192 0.049204 0.103893
0 0.780631 0.515289 0.065302 0.102926
0 0.851920 0.698279 0.095294 0.248057
0 0.381937 0.471916 0.046847 0.169931
0 0.249133 0.479724 0.060134 0.211885
0 0.163174 0.383800 0.046251 0.239634
0 0.575993 0.273012 0.033039 0.096619
0 0.316343 0.426480 0.054852 0.146304
0 0.551248 0.277912 0.040036 0.146647
0 0.182003 0.912192 0.101297 0.175616
