0 0.645927 0.590413 0.074737 0.189837
0 0.764753 0.494738 0.057992 0.138163
0 0.721984 0.538108 0.082398 0.170780
0 0.234213 0.924443 0.126743 0.151114
0 0.469117 0.364962 0.033406 0.079383
0 0.598200 0.288922 0.042418 0.117044
0 0.434147 0.328349 0.036670 0.078756
0 0.520081 0.382012 0.036489 0.100599
0 0.308290 0.410236 0.038225 0.132249
0 0.881343 0.639625 0.081023 0.259591
0 0.550282 0.401734 0.050355 0.128219
0 0.432450 0.513433 0.072753 0.190066
0 0.167784 0.913158 0.088455 0.173126
0 0.372455 0.475170 0.049168 0.166788
0 0.591547 0.497363 0.067718 0.281159
0 0.065231 0.485237 0.036821 0.121249
0 0.051785 0.544557 0.047353 0.118109
0 0.575071 0.279010 0.028113 0.099327
0 0.120134 0.591705 0.047908 0.149782
0 0.839347 0.756844 0.078128 0.211951
0 0.828522 0.813355 0.106778 0.325518
