0 0.471453 0.357921 0.042930 0.093635
0 0.539949 0.400185 0.046618 0.129050
0 0.436301 0.328706 0.035159 0.097841
0 0.441924 0.513587 0.076277 0.200979
0 0.501528 0.388057 0.038486 0.097247
0 0.777190 0.499764 0.072239 0.160079
0 0.666571 0.545032 0.060018 0.212506
0 0.916355 0.600536 0.079059 0.282331
0 0.598098 0.490043 0.104810 0.301499
0 0.143097 0.593191 0.077082 0.178582
0 0.619690 0.599360 0.075967 0.204726
0 0.376363 0.478135 0.039658 0.158337
0 0.310855 0.419372 0.044230 0.131351
0 0.068639 0.538128 0.042014 0.118193
0 0.831549 0.828605 0.131274 0.331353
0 0.549133 0.276248 0.051267 0.149644
0 0.059349 0.515726 0.052593 0.168237
0 0.169981 0.951218 0.043949 0.097564
0 0.153518 0.893563 0.070911 0.163801
0 0.052369 0.488618 0.033928 0.112556
