0 0.472908 0.361942 0.036872 0.092463
0 0.751322 0.496122 0.081379 0.194703
0 0.353395 0.322637 0.045862 0.101519
0 0.632585 0.604989 0.092794 0.199160
0 0.506146 0.387038 0.029692 0.090184
0 0.431578 0.513682 0.081063 0.197106
0 0.379956 0.479151 0.045947 0.158712
0 0.314604 0.412459 0.045082 0.121401
0 0.071535 0.537510 0.046576 0.120040
0 0.915494 0.607618 0.068542 0.259559
0 0.619283 0.291626 0.042424 0.106946
0 0.538789 0.394485 0.050011 0.118248
0 0.426919 0.328697 0.029487 0.080170
0 0.054712 0.494457 0.036932 0.126506
0 0.570949 0.438922 0.065279 0.107490
0 0.827729 0.826815 0.123734 0.346370
0 0.283198 0.325033 0.024604 0.149132
0 0.131274 0.584725 0.068000 0.154326
0 0.539468 0.272075 0.032158 0.140946
0 0.573434 0.274243 0.038415 0.101354
