0 0.787054 0.494486 0.092371 0.161995
0 0.469152 0.366269 0.037193 0.083142
0 0.313466 0.415257 0.046731 0.122791
0 0.504123 0.387107 0.032404 0.097213
0 0.714049 0.551033 0.064209 0.142361
0 0.908754 0.611184 0.076255 0.259482
0 0.428734 0.523380 0.077088 0.183171
0 0.191478 0.961795 0.078652 0.076410
0 0.432656 0.331618 0.038209 0.081604
0 0.541868 0.393998 0.045252 0.130279
0 0.695341 0.423846 0.104563 0.268836
0 0.374422 0.480265 0.044065 0.158922
0 0.132591 0.555695 0.054653 0.108119
0 0.070930 0.539868 0.048162 0.116785
0 0.577752 0.503199 0.077634 0.259778
0 0.160323 0.918661 0.085476 0.158038
0 0.603570 0.294029 0.046105 0.121373
0 0.536624 0.264042 0.029387 0.128354
0 0.624151 0.554014 0.071307 0.127846
0 0.061209 0.514871 0.050485 0.166304
0 0.846435 0.760345 0.085296 0.211319
0 0.832464 0.824542 0.121773 0.339246
