0 0.787315 0.495167 0.091184 0.160083
0 0.469273 0.366479 0.037409 0.082908
0 0.504391 0.387047 0.031847 0.096989
0 0.713554 0.548179 0.064258 0.145049
0 0.543326 0.394513 0.045328 0.131384
0 0.314950 0.414851 0.049145 0.122973
0 0.909633 0.610938 0.076961 0.260409
0 0.375909 0.480213 0.047806 0.160867
0 0.438443 0.527258 0.081263 0.186290
0 0.188852 0.963758 0.077255 0.072485
0 0.431860 0.331166 0.038866 0.080864
0 0.071490 0.538366 0.047719 0.119280
0 0.705249 0.415910 0.086676 0.248289
0 0.160831 0.911639 0.085342 0.142981
0 0.578873 0.503850 0.075416 0.259525
0 0.581534 0.445288 0.066590 0.141516
0 0.056081 0.495331 0.037600 0.125966
0 0.624910 0.555102 0.070178 0.130907
0 0.537732 0.265865 0.028731 0.130998
0 0.602985 0.303782 0.047076 0.139588
0 0.845982 0.759313 0.086768 0.212871
