0 0.473143 0.354537 0.043605 0.087643
0 0.704104 0.537544 0.065908 0.167734
0 0.768621 0.497749 0.072626 0.165323
0 0.385194 0.480053 0.044501 0.157192
0 0.552551 0.404263 0.048307 0.122419
0 0.597068 0.290369 0.040474 0.114553
0 0.437310 0.328291 0.040953 0.081441
0 0.871219 0.410725 0.065613 0.234010
0 0.307052 0.413479 0.037459 0.139128
0 0.634729 0.595847 0.088613 0.204085
0 0.181872 0.890794 0.075650 0.197207
0 0.429403 0.514291 0.078724 0.190202
0 0.832172 0.399853 0.045669 0.237735
0 0.875364 0.634760 0.081462 0.265350
0 0.594828 0.445253 0.061110 0.174993
0 0.808065 0.830274 0.097578 0.294056
0 0.539317 0.267452 0.027153 0.123659
0 0.231077 0.947780 0.072128 0.104172
0 0.120426 0.594199 0.052193 0.173367
0 0.057417 0.544297 0.054704 0.121583
0 0.048682 0.487624 0.052161 0.102016
