0 0.792289 0.482111 0.082078 0.145784
0 0.722877 0.556616 0.078930 0.145481
0 0.068833 0.537882 0.044038 0.125136
0 0.417195 0.503764 0.077672 0.183315
0 0.475444 0.355555 0.036963 0.098116
0 0.539155 0.400627 0.050659 0.136795
0 0.903826 0.483989 0.060131 0.174554
0 0.353053 0.320065 0.045952 0.096356
0 0.539278 0.296437 0.062340 0.173447
0 0.612966 0.294515 0.043344 0.117507
0 0.181572 0.878533 0.082723 0.148619
0 0.816677 0.814695 0.115815 0.352946
0 0.591892 0.423919 0.057365 0.150244
0 0.432020 0.328621 0.035490 0.082799
0 0.128945 0.556978 0.052713 0.103063
0 0.504104 0.384925 0.030594 0.099612
0 0.198588 0.955534 0.075412 0.088933
0 0.578780 0.279364 0.032624 0.105781
0 0.317729 0.426633 0.058259 0.149613
0 0.291836 0.353586 0.030155 0.079183
0 0.548714 0.229792 0.017686 0.057558
0 0.589289 0.487436 0.061069 0.271047
