0 0.708845 0.546509 0.060940 0.158813
0 0.787675 0.491723 0.093875 0.166724
0 0.418773 0.503150 0.071644 0.173503
0 0.614796 0.285315 0.045608 0.115653
0 0.579514 0.279069 0.034510 0.106285
0 0.505039 0.387646 0.039617 0.101047
0 0.315770 0.412857 0.050115 0.122233
0 0.476827 0.356493 0.044386 0.101339
0 0.350195 0.323049 0.048165 0.097828
0 0.904748 0.620900 0.081274 0.276697
0 0.378061 0.469981 0.042587 0.146338
0 0.059519 0.517445 0.054267 0.167331
0 0.905842 0.495753 0.036433 0.131040
0 0.175846 0.956977 0.093564 0.086047
0 0.173550 0.912661 0.091179 0.163081
0 0.432923 0.334234 0.043127 0.083791
0 0.548532 0.259199 0.036023 0.114140
0 0.128462 0.562353 0.057689 0.107281
0 0.562252 0.380190 0.043174 0.108704
0 0.824664 0.822674 0.122655 0.332342
0 0.569532 0.445175 0.067944 0.096753
