0 0.792565 0.481268 0.081324 0.149969
0 0.722893 0.554009 0.077368 0.149041
0 0.068819 0.539851 0.044108 0.121374
0 0.418077 0.502080 0.075973 0.180413
0 0.540311 0.396649 0.046673 0.136626
0 0.897072 0.487068 0.061338 0.159384
0 0.612914 0.290303 0.043230 0.111399
0 0.504737 0.386863 0.036110 0.098031
0 0.437441 0.320664 0.028292 0.080529
0 0.352165 0.320198 0.046755 0.094195
0 0.238779 0.439332 0.054004 0.301705
0 0.179589 0.878053 0.082192 0.146194
0 0.816912 0.815480 0.114942 0.352345
0 0.129698 0.556559 0.051886 0.103612
0 0.578692 0.276217 0.033720 0.099819
0 0.548399 0.277647 0.046871 0.154689
0 0.460313 0.351827 0.032957 0.107149
0 0.592071 0.424142 0.058606 0.152943
0 0.317461 0.425154 0.058254 0.155851
0 0.198922 0.954062 0.074422 0.091875
0 0.292293 0.354002 0.032129 0.079455
