0 0.775119 0.496379 0.059756 0.110296
0 0.719483 0.549281 0.060690 0.156846
0 0.419069 0.503495 0.074094 0.175322
0 0.067497 0.541478 0.043925 0.116739
0 0.437054 0.319455 0.033445 0.077869
0 0.352698 0.322778 0.049975 0.095588
0 0.503271 0.387391 0.042172 0.100986
0 0.538777 0.391194 0.046526 0.107829
0 0.617824 0.286309 0.043744 0.115747
0 0.918614 0.618482 0.062878 0.271973
0 0.466535 0.364915 0.042363 0.079853
0 0.581346 0.278437 0.038304 0.101622
0 0.551353 0.277378 0.039443 0.148674
0 0.366052 0.483671 0.047799 0.166998
0 0.850715 0.701286 0.093230 0.249248
0 0.317173 0.421441 0.050463 0.139209
0 0.061050 0.413921 0.041415 0.180715
0 0.197913 0.960086 0.075793 0.079828
0 0.168075 0.906974 0.080586 0.149217
0 0.297739 0.476300 0.078983 0.167849
