0 0.781092 0.487993 0.070663 0.160769
0 0.615022 0.609324 0.078259 0.203134
0 0.600756 0.289500 0.045244 0.117505
0 0.133988 0.646530 0.067941 0.221960
0 0.720687 0.544576 0.057917 0.154399
0 0.546274 0.403666 0.048275 0.126371
0 0.306184 0.416283 0.034437 0.129184
0 0.039544 0.519032 0.036626 0.157702
0 0.072975 0.526954 0.053871 0.136469
0 0.590094 0.437933 0.062708 0.156600
0 0.902956 0.502704 0.049811 0.123504
0 0.260990 0.926930 0.085110 0.145709
0 0.437485 0.329302 0.043282 0.067823
0 0.505137 0.395801 0.038406 0.089962
0 0.165768 0.892932 0.089028 0.203144
0 0.392442 0.513665 0.083241 0.318581
0 0.547391 0.259987 0.031479 0.122081
0 0.578355 0.268322 0.030327 0.079974
0 0.939279 0.573477 0.064341 0.253671
