0 0.780808 0.488106 0.071292 0.160915
0 0.720140 0.536038 0.064076 0.173341
0 0.595267 0.288363 0.041770 0.119854
0 0.435982 0.332688 0.041001 0.096441
0 0.308735 0.415470 0.038180 0.128845
0 0.541575 0.404036 0.050568 0.120439
0 0.134548 0.643205 0.068921 0.230040
0 0.071640 0.527978 0.054511 0.133697
0 0.624594 0.606280 0.087850 0.205847
0 0.589680 0.438811 0.063007 0.161180
0 0.481249 0.361215 0.029742 0.088993
0 0.923383 0.625312 0.052311 0.261184
0 0.396383 0.513598 0.102440 0.329243
0 0.227557 0.938417 0.084516 0.123166
0 0.547518 0.260486 0.032182 0.123559
0 0.039109 0.515313 0.035844 0.148948
0 0.506144 0.379813 0.034861 0.099940
0 0.148270 0.865683 0.090484 0.214846
0 0.887604 0.699221 0.086400 0.206120
