0 0.889730 0.488525 0.057482 0.145964
0 0.786353 0.488819 0.063159 0.123086
0 0.473449 0.368393 0.035678 0.083219
0 0.617119 0.288489 0.043062 0.110575
0 0.067547 0.541369 0.044763 0.120860
0 0.503591 0.390416 0.038313 0.097525
0 0.352761 0.321446 0.047438 0.094998
0 0.420707 0.503777 0.073363 0.175009
0 0.537195 0.393413 0.050156 0.105488
0 0.727045 0.548416 0.073877 0.153427
0 0.853441 0.698998 0.094035 0.250177
0 0.380541 0.468368 0.044512 0.170781
0 0.435563 0.325814 0.042393 0.080928
0 0.242537 0.451803 0.039694 0.165767
0 0.315274 0.427106 0.055156 0.145977
0 0.163522 0.381034 0.046734 0.234493
0 0.551275 0.277073 0.040764 0.147199
0 0.579376 0.274685 0.031794 0.093422
0 0.121569 0.591309 0.046316 0.152955
