0 0.730509 0.538045 0.060910 0.152450
0 0.539670 0.399679 0.049914 0.125644
0 0.470794 0.359234 0.042842 0.095163
0 0.435818 0.325817 0.039630 0.085327
0 0.500953 0.387414 0.037521 0.094360
0 0.309778 0.418752 0.047371 0.127624
0 0.436127 0.524233 0.084578 0.176458
0 0.920713 0.605514 0.068877 0.264366
0 0.777529 0.493425 0.064729 0.145442
0 0.142925 0.590831 0.076873 0.177060
0 0.549110 0.278751 0.051356 0.153603
0 0.825021 0.821618 0.114339 0.340564
0 0.585735 0.419092 0.062770 0.144567
0 0.619636 0.581748 0.073325 0.172796
0 0.638411 0.447284 0.087402 0.344708
0 0.069088 0.538980 0.042745 0.118206
0 0.166625 0.907516 0.092408 0.150517
0 0.388170 0.449885 0.039432 0.119554
0 0.058990 0.515848 0.051538 0.168675
0 0.190182 0.954519 0.083222 0.090962
0 0.053778 0.488573 0.035167 0.113287
