0 0.069644 0.538881 0.041871 0.117797
0 0.599377 0.290206 0.040049 0.113739
0 0.466185 0.364387 0.037226 0.085975
0 0.731856 0.538119 0.081954 0.160773
0 0.302908 0.417730 0.056515 0.128985
0 0.787743 0.491313 0.089647 0.132042
0 0.885743 0.632796 0.087447 0.256346
0 0.432826 0.332893 0.035028 0.088941
0 0.666382 0.576411 0.070631 0.146437
0 0.500809 0.389224 0.035359 0.091138
0 0.574467 0.269216 0.030122 0.091646
0 0.540158 0.397942 0.034064 0.119251
0 0.123810 0.574252 0.053581 0.119995
0 0.189721 0.964540 0.078982 0.070920
0 0.824304 0.752669 0.084921 0.209861
0 0.562384 0.514778 0.076310 0.395862
0 0.060279 0.483630 0.043149 0.129127
0 0.422285 0.512511 0.078753 0.183414
0 0.546927 0.260802 0.029138 0.116953
0 0.377886 0.481642 0.034765 0.160117
