0 0.346877 0.325185 0.046173 0.107558
0 0.579658 0.282022 0.035071 0.111133
0 0.417048 0.502447 0.073251 0.174474
0 0.476559 0.354281 0.040988 0.101963
0 0.784946 0.472281 0.098838 0.145365
0 0.060649 0.515409 0.060099 0.169679
0 0.504069 0.388184 0.042522 0.099870
0 0.316772 0.412363 0.051783 0.121457
0 0.893946 0.640139 0.072767 0.278111
0 0.819780 0.819832 0.116250 0.336171
0 0.616235 0.286122 0.045666 0.118306
0 0.430770 0.341006 0.045894 0.072982
0 0.175161 0.912558 0.085497 0.163852
0 0.912927 0.504171 0.050471 0.144467
0 0.376065 0.467694 0.038991 0.137395
0 0.187515 0.958854 0.088348 0.082292
0 0.572063 0.381414 0.036282 0.105205
0 0.129575 0.562008 0.058816 0.111601
0 0.548724 0.268354 0.039760 0.138124
0 0.570934 0.446566 0.068684 0.095360
0 0.139713 0.612663 0.080118 0.214543
