0 0.780253 0.493000 0.075254 0.149070
0 0.352421 0.320848 0.050476 0.105423
0 0.420980 0.503080 0.073089 0.174625
0 0.890399 0.476929 0.058230 0.163417
0 0.617939 0.289076 0.041687 0.106110
0 0.503588 0.390560 0.037466 0.096856
0 0.718351 0.534179 0.070580 0.179713
0 0.472672 0.366060 0.038561 0.087216
0 0.538141 0.391834 0.047785 0.107328
0 0.379659 0.469707 0.042331 0.170076
0 0.068594 0.541252 0.045958 0.122272
0 0.434315 0.333450 0.034420 0.088534
0 0.852945 0.699821 0.092936 0.247970
0 0.167886 0.381984 0.051294 0.237964
0 0.575752 0.269361 0.034568 0.093412
0 0.314485 0.426423 0.053824 0.146597
0 0.546658 0.264419 0.028718 0.122201
0 0.244008 0.473655 0.085213 0.160027
0 0.183309 0.910423 0.100667 0.179154
