0 0.433795 0.520327 0.083573 0.196824
0 0.790839 0.483020 0.089828 0.147663
0 0.468319 0.364303 0.035917 0.087925
0 0.868371 0.437453 0.070695 0.199017
0 0.730146 0.532603 0.084888 0.148425
0 0.543594 0.395165 0.038950 0.123218
0 0.434539 0.327292 0.035533 0.080532
0 0.068854 0.538022 0.042588 0.119570
0 0.303975 0.421607 0.057829 0.138102
0 0.824275 0.753309 0.085519 0.209825
0 0.888439 0.630797 0.079959 0.262711
0 0.504997 0.389066 0.032129 0.096049
0 0.577245 0.505005 0.077453 0.255259
0 0.170919 0.915839 0.101595 0.153654
0 0.122489 0.591045 0.055465 0.146305
0 0.600215 0.295484 0.048187 0.114545
0 0.189196 0.958934 0.080447 0.082131
0 0.574360 0.275540 0.029852 0.098480
0 0.550609 0.270469 0.033193 0.135278
0 0.380322 0.447482 0.040081 0.091901
0 0.653844 0.598215 0.121792 0.208110
0 0.055598 0.481150 0.027300 0.128575
0 0.578833 0.448489 0.069496 0.140125
0 0.676343 0.574942 0.078288 0.152229
