0 0.781778 0.487769 0.069536 0.160890
0 0.597393 0.288615 0.042913 0.118550
0 0.590257 0.445484 0.064193 0.171761
0 0.721338 0.542526 0.057986 0.153749
0 0.134342 0.646764 0.067488 0.225820
0 0.620956 0.608890 0.080440 0.204180
0 0.547261 0.405558 0.046654 0.121121
0 0.071901 0.527715 0.053421 0.136388
0 0.433481 0.328406 0.039920 0.091656
0 0.314073 0.411592 0.048828 0.141086
0 0.904290 0.500372 0.049188 0.125230
0 0.241407 0.931447 0.092883 0.137106
0 0.039886 0.518070 0.037505 0.158363
0 0.392735 0.513363 0.082764 0.320023
0 0.548038 0.260916 0.032014 0.122581
0 0.942504 0.573601 0.058459 0.253513
0 0.154434 0.897953 0.084962 0.192945
0 0.467237 0.350669 0.026037 0.063170
0 0.494733 0.383264 0.055656 0.106249
