0 0.646927 0.590705 0.076205 0.189600
0 0.764059 0.500926 0.060086 0.150274
0 0.713986 0.540423 0.064118 0.166436
0 0.548495 0.404668 0.049957 0.121233
0 0.883236 0.636612 0.085454 0.267803
0 0.469146 0.364526 0.032729 0.079236
0 0.240632 0.927582 0.136159 0.144835
0 0.424187 0.514879 0.072145 0.171927
0 0.434246 0.331267 0.036621 0.073480
0 0.167015 0.916624 0.088384 0.161923
0 0.310659 0.409516 0.036446 0.141474
0 0.601967 0.288254 0.044228 0.116138
0 0.518170 0.380567 0.033031 0.094220
0 0.375722 0.454100 0.052255 0.123736
0 0.591248 0.496707 0.067035 0.278538
0 0.056232 0.545442 0.052344 0.116367
0 0.576816 0.278191 0.028608 0.099127
0 0.066277 0.483740 0.035510 0.117155
0 0.838298 0.758633 0.079228 0.212892
0 0.134817 0.593377 0.067239 0.179822
