0 0.434215 0.522136 0.086611 0.203059
0 0.068509 0.538840 0.043196 0.118630
0 0.598231 0.288665 0.039696 0.118555
0 0.465469 0.364485 0.034598 0.084657
0 0.302249 0.416358 0.056311 0.127276
0 0.788527 0.489734 0.089882 0.141033
0 0.499699 0.387663 0.039020 0.099282
0 0.432990 0.331400 0.036069 0.091197
0 0.729269 0.540343 0.082949 0.158701
0 0.666936 0.575952 0.075146 0.145756
0 0.824587 0.753923 0.087569 0.207986
0 0.910634 0.628471 0.067410 0.228408
0 0.380304 0.480102 0.043002 0.157993
0 0.559869 0.517587 0.082477 0.394212
0 0.124037 0.573733 0.053395 0.121021
0 0.537766 0.396234 0.031149 0.106839
0 0.191383 0.962052 0.077896 0.075896
0 0.552545 0.262864 0.031673 0.113216
0 0.037901 0.492063 0.034957 0.116279
0 0.575178 0.273727 0.028117 0.091030
