0 0.648679 0.588486 0.075788 0.187072
0 0.301005 0.418842 0.045921 0.146307
0 0.598306 0.287747 0.042526 0.118329
0 0.712137 0.539374 0.062588 0.168760
0 0.469052 0.364650 0.033177 0.080531
0 0.434435 0.329897 0.037007 0.080172
0 0.240408 0.927857 0.136673 0.144286
0 0.879029 0.626005 0.083465 0.258890
0 0.548406 0.403914 0.051365 0.125034
0 0.167710 0.915355 0.088512 0.166024
0 0.417762 0.514056 0.074325 0.168452
0 0.591652 0.497917 0.067121 0.283595
0 0.513265 0.380037 0.033234 0.101372
0 0.380500 0.446044 0.043151 0.112626
0 0.835611 0.757291 0.080722 0.213624
0 0.057622 0.543948 0.052069 0.119217
0 0.127932 0.562479 0.058454 0.111102
0 0.065096 0.483104 0.033343 0.116429
0 0.574885 0.278349 0.026933 0.097781
