0 0.597562 0.288308 0.041795 0.119818
0 0.790563 0.491966 0.086670 0.165251
0 0.705893 0.541736 0.055636 0.170333
0 0.629944 0.594466 0.077449 0.214950
0 0.885170 0.419340 0.054954 0.246830
0 0.813190 0.374937 0.049069 0.237697
0 0.434973 0.330628 0.041465 0.088438
0 0.479371 0.354506 0.031475 0.070169
0 0.311484 0.413564 0.045353 0.138738
0 0.594508 0.447220 0.061482 0.173344
0 0.393392 0.481872 0.060156 0.163671
0 0.183492 0.885303 0.074376 0.190327
0 0.064703 0.536588 0.043288 0.123698
0 0.549934 0.260116 0.029488 0.116215
0 0.123052 0.610968 0.062833 0.207316
0 0.562567 0.403678 0.043124 0.124725
0 0.051695 0.520520 0.061002 0.166479
0 0.213051 0.945876 0.096978 0.108249
0 0.880010 0.642307 0.071815 0.257190
0 0.442173 0.524185 0.080504 0.239303
0 0.147956 0.957960 0.075384 0.084079
