0 0.538865 0.394087 0.046328 0.114719
0 0.727590 0.546888 0.072685 0.154701
0 0.898916 0.480509 0.068328 0.170860
0 0.349678 0.321610 0.045886 0.108267
0 0.420192 0.503013 0.069116 0.179110
0 0.068397 0.540546 0.045857 0.122494
0 0.613172 0.288015 0.042772 0.110411
0 0.500134 0.387246 0.041738 0.099546
0 0.192230 0.386823 0.068052 0.263353
0 0.785658 0.501972 0.057538 0.097505
0 0.855920 0.702419 0.098030 0.249667
0 0.476332 0.359605 0.029837 0.093546
0 0.580472 0.277363 0.035977 0.098318
0 0.248092 0.333318 0.064518 0.122522
0 0.433434 0.319292 0.040847 0.079567
0 0.318043 0.427520 0.055744 0.150597
0 0.552383 0.276246 0.037958 0.145017
0 0.256986 0.419355 0.044477 0.150294
