0 0.645991 0.590910 0.074891 0.189756
0 0.764013 0.500953 0.059772 0.150613
0 0.713676 0.538308 0.064583 0.170734
0 0.469240 0.364833 0.033213 0.079607
0 0.426778 0.519275 0.072625 0.181567
0 0.600011 0.288795 0.044292 0.119906
0 0.880419 0.637893 0.085409 0.257590
0 0.241057 0.927946 0.136059 0.144108
0 0.549101 0.403652 0.051354 0.123265
0 0.434330 0.331484 0.036746 0.075418
0 0.167157 0.917132 0.087931 0.163189
0 0.308417 0.408607 0.035767 0.137579
0 0.518016 0.381430 0.034627 0.100844
0 0.375921 0.472936 0.051415 0.161484
0 0.575801 0.277312 0.028569 0.100354
0 0.592354 0.497811 0.068287 0.281635
0 0.070685 0.508423 0.046753 0.166704
0 0.543498 0.267019 0.031753 0.126073
0 0.055736 0.543826 0.053667 0.120139
0 0.133480 0.596443 0.068706 0.178396
0 0.839889 0.759478 0.079807 0.215621
