0 0.787046 0.491125 0.091446 0.178146
0 0.345950 0.325506 0.046433 0.105393
0 0.619011 0.598550 0.083439 0.218242
0 0.694311 0.542373 0.072404 0.173065
0 0.314927 0.414470 0.053289 0.119815
0 0.067472 0.535109 0.043458 0.125238
0 0.428259 0.512808 0.079111 0.195540
0 0.380058 0.479749 0.044189 0.156612
0 0.843920 0.761555 0.083027 0.212349
0 0.625500 0.290366 0.040826 0.095835
0 0.425918 0.328606 0.033589 0.080386
0 0.568538 0.439079 0.063604 0.108762
0 0.551978 0.381848 0.046262 0.104455
0 0.548126 0.272736 0.049944 0.133435
0 0.472624 0.361864 0.036683 0.095011
0 0.887362 0.637260 0.058356 0.236972
0 0.132225 0.566310 0.070087 0.131388
0 0.054446 0.491045 0.034753 0.117870
0 0.579605 0.278855 0.034472 0.110684
0 0.174793 0.926024 0.102368 0.147953
0 0.138247 0.615953 0.084617 0.230839
0 0.537642 0.266796 0.027316 0.121443
