0 0.785451 0.490161 0.090109 0.172500
0 0.471660 0.356145 0.037677 0.093263
0 0.418524 0.504708 0.071514 0.172963
0 0.502329 0.388583 0.041134 0.101027
0 0.693083 0.545651 0.069618 0.182849
0 0.349201 0.322381 0.046674 0.100545
0 0.315634 0.415023 0.049605 0.117176
0 0.621393 0.293040 0.040936 0.115649
0 0.637113 0.587451 0.094442 0.227701
0 0.379072 0.469590 0.042564 0.139526
0 0.581412 0.283680 0.039056 0.114149
0 0.546599 0.275667 0.047715 0.138681
0 0.186556 0.960193 0.085016 0.079614
0 0.572026 0.382537 0.037684 0.104473
0 0.067143 0.538159 0.042522 0.120181
0 0.175794 0.919920 0.089762 0.159765
0 0.864207 0.650367 0.102702 0.256883
0 0.427451 0.344978 0.040230 0.068688
0 0.571535 0.448280 0.060582 0.089962
0 0.839035 0.754950 0.074024 0.212831
0 0.824481 0.818672 0.110076 0.333445
