0 0.591117 0.445396 0.069112 0.177534
0 0.472400 0.355647 0.045976 0.082359
0 0.419303 0.505049 0.076446 0.172913
0 0.640574 0.601335 0.091130 0.198727
0 0.772991 0.439491 0.062606 0.213550
0 0.892526 0.414191 0.049814 0.238693
0 0.884450 0.632285 0.083806 0.272721
0 0.432929 0.332817 0.040228 0.085137
0 0.216152 0.935454 0.103502 0.129091
0 0.305891 0.418933 0.038945 0.135910
0 0.535743 0.407258 0.054687 0.114575
0 0.851544 0.402447 0.040174 0.229725
0 0.727386 0.489891 0.050234 0.213269
0 0.819697 0.818125 0.121672 0.338760
0 0.539777 0.266968 0.027847 0.122645
0 0.148324 0.897357 0.075333 0.185708
0 0.610217 0.291811 0.052216 0.116569
0 0.122094 0.589515 0.046696 0.162106
0 0.573630 0.274687 0.032001 0.093124
0 0.052630 0.520699 0.060085 0.166153
0 0.377841 0.483865 0.038874 0.160229
