0 0.464916 0.364182 0.034878 0.085459
0 0.068780 0.540210 0.042520 0.118013
0 0.599281 0.290488 0.039153 0.113935
0 0.730559 0.538410 0.083615 0.159710
0 0.788213 0.490588 0.089546 0.142782
0 0.302224 0.417151 0.056393 0.127091
0 0.498825 0.387811 0.040343 0.097987
0 0.433410 0.332395 0.036627 0.093532
0 0.824961 0.755922 0.089465 0.209319
0 0.435076 0.518786 0.076965 0.199192
0 0.667385 0.575505 0.075466 0.143273
0 0.540206 0.392615 0.034648 0.121535
0 0.381958 0.480518 0.047167 0.158461
0 0.912036 0.624680 0.066400 0.213789
0 0.123435 0.574355 0.053304 0.122741
0 0.553406 0.261889 0.032932 0.108848
0 0.563314 0.514689 0.072772 0.389389
0 0.574303 0.271403 0.028647 0.095296
0 0.038862 0.516559 0.045248 0.173889
