0 0.470154 0.362176 0.042314 0.092881
0 0.539356 0.390232 0.045618 0.110714
0 0.886992 0.492801 0.065077 0.134751
0 0.503809 0.386457 0.038727 0.100363
0 0.617942 0.289286 0.043554 0.106886
0 0.169496 0.389829 0.044234 0.257534
0 0.420797 0.502739 0.072761 0.174883
0 0.352112 0.317743 0.047098 0.101689
0 0.068163 0.540351 0.043983 0.119432
0 0.434195 0.334375 0.035783 0.089533
0 0.252380 0.478420 0.067221 0.236555
0 0.380026 0.474181 0.047002 0.166445
0 0.716939 0.547613 0.065661 0.157788
0 0.851771 0.698838 0.095131 0.248058
0 0.315751 0.426324 0.054840 0.148597
0 0.779597 0.488415 0.075257 0.141775
0 0.576463 0.274090 0.034136 0.099414
0 0.550835 0.278557 0.039446 0.152318
0 0.182958 0.918861 0.102996 0.162278
