0 0.827345 0.393638 0.049382 0.241303
0 0.471255 0.354178 0.046508 0.081414
0 0.596482 0.289659 0.040727 0.113900
0 0.384532 0.480352 0.046273 0.159132
0 0.438774 0.329582 0.036666 0.081504
0 0.638542 0.602744 0.092811 0.203851
0 0.180640 0.894676 0.073777 0.182810
0 0.307780 0.414512 0.038358 0.139160
0 0.892289 0.422212 0.054688 0.259515
0 0.429926 0.516357 0.080013 0.192612
0 0.595715 0.449404 0.059734 0.169377
0 0.877492 0.635619 0.077391 0.267692
0 0.711227 0.549058 0.072566 0.173827
0 0.566511 0.402808 0.052223 0.129650
0 0.768137 0.500043 0.067859 0.153574
0 0.539696 0.268687 0.028348 0.126249
0 0.821914 0.829138 0.122209 0.322310
0 0.120322 0.597975 0.055728 0.178631
0 0.056353 0.544846 0.056358 0.116785
0 0.218215 0.948253 0.098688 0.103494
0 0.051019 0.487881 0.059507 0.104259
