0 0.473367 0.355294 0.045249 0.084721
0 0.637419 0.593704 0.092477 0.214357
0 0.217747 0.935490 0.096998 0.129019
0 0.432172 0.515175 0.074143 0.192545
0 0.591310 0.445866 0.068285 0.176933
0 0.386314 0.480661 0.051764 0.161632
0 0.882748 0.646151 0.086441 0.262547
0 0.535875 0.407840 0.054644 0.114223
0 0.165617 0.919478 0.091647 0.158387
0 0.851419 0.398227 0.041251 0.217146
0 0.320495 0.402198 0.044787 0.145241
0 0.575904 0.272119 0.028175 0.096837
0 0.816414 0.810781 0.114735 0.339645
0 0.898097 0.363506 0.039396 0.135602
0 0.876705 0.440652 0.045925 0.185838
0 0.060686 0.542018 0.047785 0.119987
0 0.416832 0.329347 0.072847 0.080767
0 0.122410 0.589421 0.044805 0.160401
0 0.608570 0.324932 0.063319 0.153922
0 0.542100 0.267959 0.030932 0.125050
