0 0.642716 0.599269 0.130328 0.224423
0 0.470197 0.358206 0.042861 0.078367
0 0.433927 0.328413 0.037584 0.082643
0 0.304008 0.417778 0.040636 0.141652
0 0.162478 0.913516 0.089335 0.171018
0 0.214945 0.928741 0.095924 0.142517
0 0.423923 0.504380 0.071174 0.173565
0 0.882807 0.634578 0.077076 0.266408
0 0.893599 0.421615 0.054966 0.244830
0 0.381453 0.479006 0.042501 0.162676
0 0.531933 0.407033 0.060523 0.114521
0 0.850370 0.402169 0.041021 0.227628
0 0.592317 0.429602 0.065716 0.144659
0 0.060958 0.545551 0.043819 0.116280
0 0.576836 0.276931 0.028285 0.095667
0 0.592120 0.491138 0.072194 0.269473
0 0.602909 0.298821 0.045601 0.112178
0 0.117295 0.598113 0.049226 0.159713
0 0.549464 0.270927 0.047090 0.133255
