0 0.781682 0.488033 0.069653 0.161734
0 0.623419 0.604960 0.083622 0.206486
0 0.597448 0.289515 0.042888 0.116921
0 0.547254 0.405578 0.047067 0.121336
0 0.719715 0.541919 0.055950 0.156218
0 0.134485 0.646238 0.067810 0.225051
0 0.432079 0.328037 0.042266 0.090417
0 0.308632 0.415226 0.038107 0.132799
0 0.590324 0.437122 0.064215 0.156067
0 0.072416 0.526417 0.053096 0.137506
0 0.903896 0.499526 0.047755 0.125329
0 0.250417 0.928986 0.078277 0.142028
0 0.392936 0.513063 0.082429 0.319233
0 0.159660 0.898786 0.093736 0.194092
0 0.039991 0.514851 0.037547 0.150272
0 0.548140 0.260289 0.032329 0.121277
0 0.941366 0.573879 0.060929 0.251585
0 0.467304 0.350851 0.027304 0.065022
0 0.476969 0.352983 0.032234 0.068279
