0 0.657523 0.584235 0.094154 0.186506
0 0.598191 0.287581 0.041462 0.119495
0 0.542865 0.404467 0.039255 0.124515
0 0.788427 0.497390 0.096088 0.170119
0 0.467430 0.364620 0.030175 0.079627
0 0.308307 0.412927 0.041231 0.132736
0 0.062858 0.541468 0.051525 0.123257
0 0.436888 0.520254 0.078729 0.186758
0 0.705371 0.534023 0.052216 0.149811
0 0.884399 0.642520 0.089575 0.259155
0 0.502507 0.386129 0.036597 0.099589
0 0.732666 0.413875 0.071781 0.171723
0 0.424779 0.328218 0.049911 0.080570
0 0.586216 0.431162 0.057137 0.122631
0 0.558935 0.515822 0.102668 0.289281
0 0.121551 0.589827 0.055973 0.142874
0 0.386687 0.453909 0.037450 0.100599
0 0.832571 0.742069 0.086150 0.192777
0 0.070866 0.481494 0.036110 0.113152
0 0.550469 0.274605 0.043180 0.140863
