0 0.781662 0.489372 0.069847 0.156945
0 0.622954 0.604186 0.082808 0.206959
0 0.072688 0.528111 0.053652 0.132623
0 0.550891 0.401398 0.044622 0.129909
0 0.719781 0.542149 0.056441 0.157251
0 0.597559 0.289348 0.042526 0.117934
0 0.307703 0.414313 0.036447 0.129494
0 0.134101 0.646133 0.066916 0.225953
0 0.436557 0.331518 0.037099 0.092224
0 0.590219 0.436237 0.063493 0.155125
0 0.904910 0.502711 0.052074 0.125797
0 0.393226 0.515017 0.081700 0.316160
0 0.039648 0.517163 0.036443 0.154388
0 0.198653 0.932530 0.127534 0.134941
0 0.549222 0.259962 0.034362 0.124243
0 0.938301 0.566501 0.053189 0.248406
0 0.492906 0.384231 0.053909 0.107915
0 0.152464 0.888461 0.079944 0.164350
0 0.467680 0.352613 0.027369 0.068838
