0 0.470578 0.358487 0.042034 0.094188
0 0.442291 0.517858 0.075525 0.195095
0 0.539157 0.394173 0.048095 0.117119
0 0.317890 0.413431 0.051173 0.122571
0 0.070714 0.538643 0.045078 0.120980
0 0.777913 0.502463 0.075656 0.153245
0 0.633013 0.605375 0.098052 0.198107
0 0.336591 0.296941 0.058589 0.161518
0 0.921407 0.602131 0.062550 0.262996
0 0.435502 0.321778 0.045070 0.090657
0 0.501177 0.389665 0.039473 0.095457
0 0.377021 0.478179 0.041725 0.158609
0 0.243015 0.396967 0.040979 0.245979
0 0.054056 0.494088 0.035378 0.125970
0 0.569949 0.440619 0.065987 0.105885
0 0.827528 0.824672 0.123424 0.332064
0 0.536552 0.259870 0.031478 0.121621
0 0.130729 0.581225 0.059778 0.146588
