0 0.714343 0.541047 0.069821 0.169004
0 0.790490 0.492225 0.087066 0.162738
0 0.434682 0.329819 0.044076 0.079817
0 0.597836 0.287756 0.043787 0.119676
0 0.632012 0.594902 0.080159 0.211289
0 0.180776 0.883848 0.074868 0.187033
0 0.398320 0.493646 0.068806 0.193506
0 0.312324 0.412913 0.045345 0.141865
0 0.479476 0.355418 0.031354 0.069737
0 0.553074 0.395798 0.047224 0.134214
0 0.234223 0.939228 0.086394 0.121543
0 0.831681 0.404046 0.070378 0.231465
0 0.592148 0.447056 0.063658 0.171756
0 0.232898 0.537730 0.062112 0.308032
0 0.547509 0.258119 0.025901 0.117993
0 0.882521 0.642631 0.085664 0.262411
0 0.049776 0.521303 0.056139 0.165713
0 0.812250 0.396295 0.039478 0.205843
0 0.124151 0.606837 0.064790 0.217661
0 0.066261 0.540228 0.040921 0.114215
