0 0.069625 0.536541 0.045433 0.122752
0 0.469444 0.366652 0.038320 0.085181
0 0.790190 0.484878 0.093625 0.155454
0 0.542406 0.399328 0.036689 0.116319
0 0.719900 0.533224 0.067086 0.151641
0 0.432693 0.518124 0.085563 0.191871
0 0.888467 0.633391 0.081562 0.266312
0 0.303936 0.421921 0.055920 0.135793
0 0.504466 0.389825 0.032695 0.094111
0 0.672401 0.477785 0.070855 0.221274
0 0.187963 0.963414 0.076027 0.073171
0 0.438138 0.331757 0.033826 0.086882
0 0.160497 0.902130 0.083170 0.166947
0 0.826132 0.753793 0.089526 0.208165
0 0.576170 0.506603 0.076768 0.257665
0 0.573800 0.270813 0.029031 0.093283
0 0.121758 0.591621 0.055643 0.144700
0 0.551997 0.273590 0.035026 0.141171
0 0.603592 0.289755 0.048058 0.113187
0 0.380875 0.478230 0.035446 0.143927
0 0.663008 0.573950 0.088515 0.154757
0 0.578478 0.450681 0.068016 0.143578
0 0.064136 0.481080 0.036637 0.123575
