0 0.768285 0.508040 0.077324 0.156382
0 0.705115 0.543067 0.063689 0.172963
0 0.471955 0.354933 0.045986 0.084306
0 0.591509 0.446332 0.068398 0.175216
0 0.639852 0.601283 0.089422 0.196860
0 0.385180 0.479898 0.045078 0.157709
0 0.433782 0.326626 0.037717 0.079243
0 0.893566 0.423314 0.053713 0.255083
0 0.430787 0.515141 0.079957 0.191054
0 0.180047 0.878361 0.078712 0.222919
0 0.535246 0.406993 0.054625 0.112799
0 0.313715 0.406700 0.039708 0.140943
0 0.852099 0.402842 0.041675 0.227933
0 0.599566 0.292980 0.037038 0.116370
0 0.819387 0.821573 0.119321 0.339123
0 0.053095 0.521048 0.057702 0.167305
0 0.121390 0.593892 0.052393 0.163281
0 0.539824 0.268012 0.027405 0.124945
0 0.570116 0.274224 0.028319 0.089795
0 0.890332 0.665327 0.085986 0.257120
0 0.217584 0.947793 0.100592 0.104413
