0 0.418228 0.503540 0.071229 0.173525
0 0.504418 0.385922 0.039525 0.101210
0 0.349132 0.322862 0.047753 0.098497
0 0.316041 0.412708 0.050358 0.122439
0 0.476228 0.356352 0.046071 0.100647
0 0.616564 0.286797 0.046851 0.120225
0 0.797326 0.480471 0.072849 0.129109
0 0.579932 0.279569 0.034834 0.105078
0 0.061890 0.517196 0.058820 0.167191
0 0.738377 0.539083 0.083335 0.155008
0 0.919639 0.492160 0.054296 0.146792
0 0.376713 0.472073 0.041806 0.147598
0 0.432845 0.336615 0.042961 0.076941
0 0.175510 0.912000 0.086373 0.164866
0 0.906088 0.626062 0.074630 0.282115
0 0.140630 0.592705 0.076269 0.175057
0 0.187327 0.958451 0.084415 0.083098
0 0.818465 0.817619 0.111623 0.335950
0 0.549142 0.263493 0.035788 0.122785
0 0.557523 0.382740 0.045819 0.112872
0 0.570760 0.446200 0.068926 0.093901
