0 0.590938 0.446897 0.069843 0.178470
0 0.782488 0.433036 0.062128 0.209850
0 0.639841 0.597905 0.091931 0.206031
0 0.472305 0.354499 0.046313 0.083249
0 0.892901 0.422466 0.052992 0.255935
0 0.429248 0.512766 0.075507 0.188618
0 0.535415 0.407361 0.054672 0.113711
0 0.305822 0.420085 0.039194 0.136106
0 0.852778 0.404825 0.040422 0.230724
0 0.214553 0.934611 0.095737 0.130779
0 0.435579 0.328398 0.048318 0.073644
0 0.818905 0.817375 0.118625 0.335970
0 0.381417 0.481956 0.044341 0.160971
0 0.730657 0.474913 0.061716 0.261965
0 0.909201 0.615232 0.069807 0.274079
0 0.059715 0.520660 0.069353 0.167658
0 0.571402 0.276423 0.031322 0.097891
0 0.155578 0.889684 0.086286 0.177138
0 0.604130 0.300560 0.049833 0.109231
0 0.049517 0.489813 0.048021 0.102515
0 0.134928 0.602915 0.073991 0.165895
