0 0.711567 0.540744 0.067838 0.166504
0 0.786709 0.497462 0.090648 0.157566
0 0.433212 0.334111 0.036568 0.086351
0 0.438878 0.518119 0.078614 0.183032
0 0.468969 0.366238 0.037219 0.082931
0 0.074068 0.536484 0.049432 0.120596
0 0.913864 0.604764 0.067112 0.239005
0 0.540295 0.394344 0.067908 0.133578
0 0.504246 0.383688 0.032488 0.092897
0 0.377306 0.479208 0.049840 0.157688
0 0.188364 0.963181 0.077869 0.073638
0 0.314706 0.413838 0.050642 0.122495
0 0.643508 0.571705 0.066309 0.154764
0 0.187135 0.530953 0.082104 0.333791
0 0.161439 0.912138 0.086917 0.147531
0 0.834611 0.754940 0.084091 0.214753
0 0.056146 0.495319 0.038315 0.126348
0 0.582059 0.490089 0.082459 0.276383
0 0.604442 0.296945 0.046211 0.114705
0 0.548024 0.269330 0.049194 0.138294
0 0.582814 0.425151 0.075306 0.153465
0 0.572307 0.277293 0.031567 0.096757
0 0.117634 0.608952 0.058235 0.152133
