0 0.781316 0.499745 0.068244 0.137546
0 0.548710 0.387784 0.052818 0.122801
0 0.715972 0.544649 0.069832 0.160382
0 0.469638 0.366557 0.037142 0.085129
0 0.502048 0.388829 0.037987 0.096042
0 0.438772 0.518947 0.071800 0.197835
0 0.069474 0.538042 0.043763 0.119587
0 0.636699 0.458734 0.071967 0.237368
0 0.432813 0.330874 0.040571 0.091147
0 0.644590 0.580200 0.064464 0.161619
0 0.312473 0.415500 0.046236 0.121716
0 0.913568 0.613533 0.068575 0.257217
0 0.607063 0.295381 0.041860 0.114389
0 0.142164 0.589864 0.075344 0.178107
0 0.381995 0.475323 0.052680 0.156180
0 0.186452 0.961957 0.075802 0.076087
0 0.820243 0.821793 0.107496 0.338664
0 0.578872 0.275232 0.030586 0.095200
0 0.548719 0.269622 0.050998 0.139524
0 0.054018 0.492012 0.036799 0.121596
0 0.157482 0.889222 0.076605 0.160111
