0 0.597891 0.282351 0.038236 0.106216
0 0.727541 0.540010 0.095618 0.168762
0 0.069839 0.539620 0.041712 0.114946
0 0.433926 0.520865 0.085600 0.203087
0 0.464677 0.362834 0.033631 0.082768
0 0.432840 0.330979 0.035997 0.091512
0 0.299361 0.417509 0.051900 0.131854
0 0.788351 0.490394 0.089974 0.140128
0 0.826607 0.752917 0.087887 0.206542
0 0.543019 0.400546 0.040586 0.116324
0 0.909889 0.625780 0.065801 0.229146
0 0.505897 0.385622 0.030017 0.099285
0 0.190815 0.962530 0.075789 0.074939
0 0.586474 0.474438 0.091726 0.304011
0 0.124171 0.573888 0.053274 0.121257
0 0.649061 0.573664 0.082623 0.160500
0 0.380698 0.479469 0.042033 0.154519
0 0.055544 0.492952 0.037640 0.123998
0 0.163980 0.917287 0.081626 0.153464
0 0.575319 0.274811 0.030086 0.092935
0 0.543943 0.265914 0.030053 0.126174
