0 0.464659 0.358381 0.030517 0.086163
0 0.529782 0.404850 0.062413 0.131218
0 0.438706 0.519837 0.079973 0.195917
0 0.647175 0.586412 0.087658 0.186764
0 0.432915 0.327292 0.033050 0.088141
0 0.757593 0.500926 0.089005 0.151950
0 0.352533 0.317500 0.047523 0.102873
0 0.705291 0.540368 0.065732 0.154897
0 0.496800 0.378831 0.036954 0.082397
0 0.067871 0.538688 0.042268 0.119599
0 0.591356 0.419927 0.060651 0.155990
0 0.130388 0.558138 0.052712 0.102976
0 0.822486 0.817189 0.111147 0.345632
0 0.613501 0.292152 0.044951 0.104181
0 0.322799 0.419552 0.053722 0.151534
0 0.292003 0.355210 0.029980 0.080984
0 0.039833 0.520562 0.036113 0.165190
0 0.170496 0.890362 0.101267 0.192918
0 0.539384 0.267202 0.028131 0.131207
0 0.582236 0.283189 0.038230 0.100239
