0 0.725499 0.545906 0.081524 0.160273
0 0.316223 0.413759 0.051218 0.120238
0 0.469464 0.355750 0.040297 0.099107
0 0.421147 0.504119 0.073522 0.172430
0 0.615205 0.285178 0.043979 0.114093
0 0.068052 0.540370 0.045060 0.117200
0 0.554268 0.390138 0.064546 0.125953
0 0.350249 0.324625 0.050165 0.104499
0 0.702400 0.353596 0.051084 0.263710
0 0.506060 0.386788 0.036052 0.097587
0 0.378629 0.479735 0.043962 0.154597
0 0.177259 0.885324 0.088990 0.175965
0 0.776395 0.497417 0.075324 0.113331
0 0.188350 0.959485 0.084684 0.081030
0 0.579642 0.277380 0.034997 0.100156
0 0.551600 0.273301 0.038689 0.138370
0 0.053899 0.485959 0.030705 0.112496
0 0.569576 0.444630 0.065324 0.097987
0 0.885017 0.637114 0.057742 0.194565
0 0.834590 0.668655 0.134898 0.268162
0 0.129103 0.564363 0.055677 0.112210
0 0.826586 0.729097 0.117930 0.148514
