0 0.787836 0.490784 0.091608 0.178654
0 0.619880 0.599277 0.086945 0.211300
0 0.344991 0.325932 0.045681 0.108770
0 0.316653 0.414250 0.051697 0.119441
0 0.695015 0.546218 0.077970 0.158704
0 0.430665 0.512862 0.082352 0.194888
0 0.380408 0.480200 0.044671 0.156486
0 0.544087 0.387955 0.054703 0.117241
0 0.845159 0.762263 0.086963 0.210461
0 0.624746 0.290991 0.040686 0.095724
0 0.068463 0.533077 0.043897 0.127448
0 0.424245 0.328497 0.036210 0.079009
0 0.548290 0.272666 0.050203 0.133932
0 0.144182 0.615111 0.090567 0.231621
0 0.569492 0.447050 0.062994 0.091471
0 0.477425 0.368318 0.030648 0.086224
0 0.052836 0.493806 0.032632 0.125285
0 0.893497 0.640474 0.051521 0.197760
0 0.505631 0.389195 0.028898 0.095300
0 0.582392 0.280062 0.038005 0.105444
0 0.860261 0.653556 0.118201 0.236769
