0 0.792320 0.480366 0.079189 0.149117
0 0.721174 0.550490 0.076094 0.152446
0 0.532435 0.393119 0.051937 0.136517
0 0.612447 0.290794 0.045335 0.112645
0 0.351368 0.318114 0.045791 0.103991
0 0.068788 0.540039 0.042454 0.117277
0 0.816062 0.812827 0.113221 0.350994
0 0.466498 0.355028 0.030110 0.087516
0 0.434553 0.323413 0.032223 0.090983
0 0.575861 0.276006 0.035573 0.103365
0 0.495174 0.384809 0.043210 0.094218
0 0.130498 0.557921 0.052861 0.104514
0 0.923412 0.524958 0.055010 0.215014
0 0.439543 0.518710 0.095222 0.191216
0 0.547372 0.277537 0.044735 0.153574
0 0.293136 0.355601 0.034150 0.082075
0 0.590289 0.422145 0.060833 0.149350
0 0.311973 0.409503 0.071507 0.187140
0 0.043198 0.517899 0.034217 0.169051
0 0.162438 0.866192 0.084476 0.140871
