0 0.783360 0.498784 0.064795 0.126601
0 0.435185 0.326098 0.038596 0.082293
0 0.470173 0.365645 0.036431 0.084672
0 0.511741 0.383414 0.035864 0.105594
0 0.717023 0.539097 0.081316 0.165361
0 0.911947 0.603560 0.071351 0.257182
0 0.653105 0.578843 0.069367 0.162459
0 0.547560 0.391612 0.050090 0.125607
0 0.440058 0.520294 0.073912 0.194514
0 0.312688 0.415277 0.048993 0.122616
0 0.623098 0.461000 0.096590 0.247402
0 0.069119 0.538332 0.041742 0.118429
0 0.380464 0.478332 0.044806 0.155937
0 0.549269 0.271784 0.050737 0.140146
0 0.820072 0.820254 0.108331 0.343828
0 0.186875 0.961065 0.076941 0.077871
0 0.055083 0.494158 0.038936 0.124774
0 0.137211 0.615404 0.084159 0.228546
0 0.132195 0.567835 0.072284 0.128043
0 0.603461 0.286819 0.046148 0.115854
