0 0.754291 0.497582 0.074727 0.197102
0 0.470533 0.359822 0.038758 0.092066
0 0.380246 0.479224 0.046210 0.154787
0 0.350572 0.323505 0.048237 0.098278
0 0.539511 0.391965 0.047565 0.115406
0 0.632145 0.606241 0.096868 0.199899
0 0.431015 0.513572 0.081510 0.194752
0 0.070489 0.536793 0.045489 0.121832
0 0.621577 0.293894 0.040312 0.107049
0 0.499517 0.394324 0.036217 0.088204
0 0.919652 0.606087 0.069846 0.271546
0 0.420106 0.326456 0.035751 0.076758
0 0.318759 0.415701 0.040917 0.113513
0 0.827629 0.828746 0.124383 0.342509
0 0.189802 0.962869 0.076488 0.074262
0 0.570438 0.439219 0.064769 0.107340
0 0.138396 0.590755 0.081670 0.172744
0 0.158095 0.921796 0.074341 0.154090
0 0.284394 0.326518 0.023689 0.156867
0 0.055161 0.494060 0.036829 0.125611
0 0.548788 0.275353 0.051117 0.142019
0 0.580205 0.270761 0.034365 0.090986
