0 0.620473 0.599531 0.088075 0.209894
0 0.777833 0.490923 0.109763 0.178232
0 0.702847 0.550725 0.071479 0.164632
0 0.068909 0.536938 0.041171 0.123401
0 0.316329 0.414386 0.051386 0.119163
0 0.427496 0.505119 0.071362 0.184262
0 0.856997 0.650700 0.109432 0.210857
0 0.349508 0.322973 0.048739 0.098260
0 0.540716 0.393066 0.049012 0.112038
0 0.474037 0.361432 0.038077 0.088678
0 0.621752 0.291539 0.039282 0.102680
0 0.503898 0.384793 0.036075 0.096430
0 0.380326 0.479050 0.048625 0.154498
0 0.845265 0.761646 0.084715 0.211905
0 0.421930 0.329934 0.041267 0.081579
0 0.547858 0.275263 0.049142 0.139463
0 0.569995 0.437858 0.064630 0.111113
0 0.143888 0.614422 0.090277 0.229573
0 0.036624 0.519711 0.037434 0.164983
0 0.581494 0.279676 0.036967 0.104220
