0 0.897971 0.491468 0.062285 0.158406
0 0.792240 0.481569 0.080619 0.147998
0 0.722659 0.554557 0.076880 0.147791
0 0.614113 0.291022 0.042802 0.111970
0 0.068878 0.540955 0.044419 0.117797
0 0.417606 0.503191 0.074898 0.180937
0 0.540768 0.398820 0.045116 0.134774
0 0.463223 0.355043 0.028636 0.098677
0 0.503559 0.388932 0.036744 0.096929
0 0.433814 0.328537 0.039777 0.101784
0 0.351355 0.320593 0.045465 0.094793
0 0.816921 0.816008 0.114848 0.354263
0 0.129241 0.558881 0.052169 0.098942
0 0.578712 0.277559 0.034510 0.102984
0 0.548677 0.276616 0.045426 0.151277
0 0.176566 0.880427 0.088856 0.135874
0 0.590283 0.484504 0.060888 0.273080
0 0.313267 0.414554 0.066645 0.184793
0 0.197952 0.955175 0.075963 0.089649
0 0.277652 0.512861 0.065170 0.375320
