0 0.780680 0.489864 0.071459 0.165127
0 0.434704 0.330223 0.043551 0.079266
0 0.633808 0.595155 0.083676 0.213451
0 0.597436 0.287803 0.043971 0.120832
0 0.307104 0.413265 0.039149 0.138661
0 0.814753 0.384304 0.057365 0.241411
0 0.716351 0.540841 0.068979 0.165976
0 0.398611 0.494157 0.068161 0.188729
0 0.526069 0.398639 0.075155 0.139843
0 0.238280 0.927954 0.088040 0.144092
0 0.042708 0.519234 0.042363 0.159905
0 0.855932 0.403058 0.042491 0.233039
0 0.593896 0.446802 0.060373 0.172985
0 0.071800 0.544346 0.040708 0.107890
0 0.477949 0.350288 0.042575 0.081957
0 0.550982 0.258325 0.028628 0.111464
0 0.959062 0.538598 0.081694 0.321487
0 0.123465 0.607434 0.062789 0.213827
0 0.157289 0.885601 0.106332 0.196199
0 0.880708 0.654811 0.085137 0.242706
