0 0.470430 0.363073 0.043320 0.090454
0 0.720449 0.552984 0.060467 0.149188
0 0.503504 0.386988 0.042418 0.099057
0 0.420559 0.503009 0.072607 0.174604
0 0.539039 0.390504 0.045654 0.109211
0 0.618219 0.290856 0.041977 0.106780
0 0.434025 0.331819 0.035664 0.092424
0 0.352540 0.317615 0.046994 0.100699
0 0.885996 0.473080 0.060943 0.146990
0 0.317052 0.425215 0.050076 0.148175
0 0.380817 0.469067 0.044438 0.173458
0 0.067136 0.542305 0.044085 0.116600
0 0.850239 0.699216 0.090776 0.245673
0 0.171266 0.904949 0.090953 0.172371
0 0.576645 0.272834 0.033205 0.097839
0 0.783709 0.505493 0.067277 0.091508
0 0.254180 0.331470 0.042344 0.187792
0 0.254856 0.478711 0.063671 0.219954
0 0.131416 0.559787 0.056909 0.109072
0 0.550460 0.276741 0.037994 0.148637
0 0.198412 0.956036 0.075289 0.087928
0 0.140877 0.613478 0.081710 0.219611
