0 0.709668 0.548325 0.064009 0.159048
0 0.787954 0.487776 0.092187 0.159040
0 0.856546 0.447144 0.059339 0.150686
0 0.503978 0.383152 0.038085 0.092939
0 0.070427 0.538416 0.045673 0.122463
0 0.612651 0.290360 0.043871 0.112638
0 0.352619 0.319412 0.043762 0.106980
0 0.817185 0.814849 0.115465 0.352438
0 0.534066 0.396032 0.054975 0.139919
0 0.429497 0.324540 0.040020 0.089166
0 0.130503 0.556841 0.052115 0.103286
0 0.547040 0.277884 0.045814 0.152244
0 0.575740 0.277259 0.035159 0.106929
0 0.590636 0.423465 0.060827 0.151402
0 0.461121 0.356624 0.032211 0.100844
0 0.057299 0.413638 0.045230 0.202837
0 0.312406 0.419314 0.066779 0.167627
0 0.175283 0.875102 0.079260 0.145115
0 0.418157 0.521654 0.085277 0.186624
0 0.291901 0.355916 0.030117 0.082582
