0 0.784565 0.497164 0.080520 0.148967
0 0.597080 0.287968 0.042077 0.117919
0 0.714862 0.540489 0.071180 0.169626
0 0.632349 0.594844 0.082002 0.211898
0 0.478053 0.358170 0.038742 0.070033
0 0.434535 0.328425 0.043967 0.078748
0 0.311745 0.414038 0.044901 0.139016
0 0.547463 0.397160 0.048412 0.135983
0 0.398599 0.494755 0.068543 0.193235
0 0.838685 0.405239 0.063658 0.231429
0 0.593892 0.446606 0.062352 0.174280
0 0.167752 0.895464 0.107785 0.197246
0 0.040742 0.520763 0.039101 0.162774
0 0.550021 0.258500 0.028010 0.110573
0 0.574455 0.266642 0.027818 0.082898
0 0.336118 0.795386 0.100173 0.378065
0 0.122568 0.607127 0.063031 0.213333
0 0.813304 0.394789 0.040437 0.202855
0 0.878749 0.655459 0.086264 0.244467
0 0.068944 0.543084 0.039629 0.108798
0 0.811234 0.327699 0.045223 0.146120
