0 0.302962 0.416644 0.055862 0.127815
0 0.597651 0.288898 0.039585 0.115851
0 0.466301 0.363958 0.037912 0.085402
0 0.542190 0.399835 0.037089 0.116016
0 0.908043 0.620973 0.065784 0.254150
0 0.788213 0.486066 0.089833 0.145414
0 0.503776 0.386200 0.033284 0.098473
0 0.070083 0.538009 0.042552 0.118222
0 0.736890 0.533490 0.077602 0.153495
0 0.672217 0.577447 0.073712 0.142904
0 0.433191 0.330509 0.035429 0.089900
0 0.576427 0.503558 0.079370 0.259124
0 0.736494 0.393348 0.115350 0.190603
0 0.190375 0.962389 0.075681 0.075223
0 0.123927 0.573866 0.052600 0.122188
0 0.384115 0.478188 0.039358 0.155617
0 0.162354 0.915737 0.083032 0.152005
0 0.833046 0.734564 0.100257 0.141597
0 0.432595 0.539365 0.078662 0.234334
0 0.055710 0.492630 0.037405 0.123750
0 0.574351 0.272554 0.027942 0.094588
0 0.536732 0.262863 0.029301 0.126773
0 0.580345 0.446751 0.068104 0.145239
