0 0.709371 0.547565 0.062822 0.156981
0 0.784691 0.487570 0.089722 0.166135
0 0.418828 0.504835 0.071915 0.172601
0 0.346028 0.325675 0.047974 0.105519
0 0.475139 0.354245 0.049184 0.102044
0 0.615438 0.286514 0.044247 0.117980
0 0.066977 0.538276 0.045205 0.120567
0 0.315168 0.411866 0.050473 0.122307
0 0.506127 0.387424 0.035830 0.097828
0 0.553218 0.385652 0.043095 0.100906
0 0.375157 0.474873 0.042814 0.151303
0 0.432964 0.333542 0.040865 0.074644
0 0.173223 0.912318 0.093057 0.162134
0 0.574584 0.270507 0.034686 0.092618
0 0.177515 0.959012 0.093543 0.081976
0 0.544799 0.260993 0.029279 0.117646
0 0.855538 0.640262 0.104622 0.235528
0 0.128890 0.563861 0.058076 0.110817
0 0.820935 0.737977 0.110550 0.147818
0 0.055720 0.486847 0.033107 0.107091
0 0.569420 0.445571 0.066091 0.096308
