0 0.468733 0.360156 0.039775 0.097257
0 0.068315 0.540238 0.044581 0.120844
0 0.614308 0.289745 0.042886 0.110870
0 0.722919 0.555763 0.078906 0.144594
0 0.899605 0.475520 0.057409 0.167781
0 0.782574 0.506370 0.065025 0.098226
0 0.349728 0.323965 0.047377 0.111048
0 0.498265 0.389756 0.037174 0.099633
0 0.421206 0.504230 0.069274 0.181897
0 0.432635 0.327604 0.038739 0.099017
0 0.296873 0.293615 0.040110 0.150619
0 0.580356 0.276735 0.036259 0.097156
0 0.534290 0.392817 0.034861 0.116354
0 0.318709 0.424714 0.056682 0.151638
0 0.275254 0.353084 0.030244 0.081413
0 0.552107 0.275224 0.037689 0.143523
0 0.855066 0.697440 0.100551 0.258789
0 0.574592 0.439930 0.071342 0.120758
0 0.575414 0.500052 0.076935 0.242649
