0 0.470688 0.354207 0.045121 0.082392
0 0.591115 0.445475 0.068350 0.177058
0 0.435863 0.519362 0.071187 0.196182
0 0.881879 0.645547 0.086520 0.265681
0 0.894199 0.419830 0.052443 0.255551
0 0.782234 0.432406 0.062343 0.216290
0 0.853955 0.442369 0.044810 0.159331
0 0.164851 0.919722 0.090157 0.160557
0 0.535602 0.407595 0.054447 0.113202
0 0.306047 0.419803 0.039594 0.134260
0 0.387536 0.482553 0.050755 0.160405
0 0.435247 0.325924 0.046902 0.075849
0 0.852005 0.358986 0.039900 0.138541
0 0.650644 0.595901 0.109171 0.196575
0 0.227520 0.935182 0.077412 0.129636
0 0.052803 0.519949 0.059750 0.166680
0 0.816092 0.814469 0.114855 0.346665
0 0.571360 0.275871 0.028860 0.093170
0 0.612910 0.297130 0.056442 0.110677
0 0.120574 0.589848 0.045183 0.153333
0 0.549421 0.274290 0.045093 0.137060
