0 0.466105 0.364552 0.037765 0.085660
0 0.731047 0.538906 0.092267 0.160073
0 0.599239 0.290373 0.040592 0.114462
0 0.301251 0.417682 0.054308 0.132264
0 0.069850 0.538314 0.042232 0.116769
0 0.542129 0.397055 0.036746 0.118093
0 0.904723 0.619353 0.082161 0.284290
0 0.432792 0.327982 0.036921 0.085683
0 0.723189 0.406079 0.105546 0.230702
0 0.788624 0.487500 0.087827 0.136883
0 0.503645 0.386777 0.032474 0.094175
0 0.658860 0.571881 0.074626 0.151592
0 0.124273 0.573517 0.053890 0.122286
0 0.190204 0.962401 0.075167 0.075198
0 0.383234 0.478960 0.040005 0.154731
0 0.163128 0.911055 0.083405 0.143637
0 0.574641 0.502671 0.080786 0.263300
0 0.055555 0.493720 0.037149 0.125438
0 0.432708 0.537835 0.078248 0.233739
0 0.573788 0.274011 0.031230 0.097042
0 0.577000 0.440064 0.072192 0.138311
0 0.835103 0.734744 0.104829 0.148907
0 0.835080 0.824356 0.126347 0.339497
0 0.553443 0.271700 0.045700 0.137481
