0 0.786845 0.495515 0.090506 0.156868
0 0.715656 0.547900 0.069406 0.144102
0 0.469208 0.366250 0.037541 0.082118
0 0.550769 0.394909 0.055695 0.130896
0 0.376701 0.479332 0.049270 0.161286
0 0.316423 0.413687 0.050925 0.122532
0 0.504517 0.386460 0.032384 0.098258
0 0.899796 0.611523 0.086895 0.259326
0 0.188604 0.963793 0.077438 0.072415
0 0.692428 0.399946 0.098918 0.228801
0 0.437037 0.532527 0.085225 0.215210
0 0.161388 0.916663 0.085714 0.153970
0 0.432101 0.329915 0.038264 0.078720
0 0.549131 0.269070 0.051207 0.136586
0 0.070071 0.539273 0.047081 0.116958
0 0.577214 0.272911 0.030162 0.093072
0 0.604077 0.298016 0.046463 0.120120
0 0.582183 0.429029 0.080493 0.152382
0 0.618750 0.553191 0.066532 0.128498
0 0.579853 0.492967 0.087151 0.270447
0 0.126109 0.592495 0.046578 0.166222
0 0.059080 0.514000 0.045672 0.166571
0 0.845370 0.729126 0.078184 0.137762
