0 0.787488 0.491545 0.092476 0.179929
0 0.473507 0.360107 0.042389 0.098585
0 0.629759 0.602323 0.101404 0.214429
0 0.499936 0.381194 0.038501 0.088918
0 0.315976 0.413613 0.051934 0.120394
0 0.697967 0.553782 0.067705 0.181233
0 0.379737 0.478287 0.044521 0.160595
0 0.349709 0.324436 0.049070 0.100353
0 0.423784 0.504333 0.070097 0.178504
0 0.526450 0.395491 0.064766 0.120734
0 0.907550 0.661416 0.071213 0.222827
0 0.173081 0.898196 0.098971 0.200370
0 0.068551 0.534597 0.045178 0.123280
0 0.570400 0.436052 0.065598 0.115366
0 0.422838 0.329717 0.040276 0.081767
0 0.546978 0.276796 0.048144 0.142817
0 0.575605 0.273022 0.031323 0.093158
0 0.842208 0.763775 0.080737 0.208570
0 0.182197 0.958246 0.090135 0.083508
0 0.123785 0.579097 0.052783 0.137104
0 0.054464 0.492225 0.035008 0.120592
0 0.609358 0.292615 0.045941 0.110867
