0 0.472793 0.359617 0.042611 0.091788
0 0.348990 0.322968 0.048345 0.096880
0 0.769553 0.493722 0.117059 0.180295
0 0.621939 0.294896 0.041643 0.109639
0 0.070776 0.536493 0.045832 0.121656
0 0.430868 0.516186 0.079472 0.192843
0 0.631291 0.605688 0.094997 0.197660
0 0.380430 0.478628 0.045886 0.155611
0 0.537702 0.393563 0.049183 0.114489
0 0.501503 0.390245 0.036333 0.091973
0 0.918884 0.609080 0.069911 0.275531
0 0.318212 0.415205 0.042637 0.114917
0 0.829398 0.827716 0.123565 0.339103
0 0.427447 0.327060 0.027781 0.079523
0 0.569580 0.438389 0.066323 0.109477
0 0.286598 0.325805 0.027307 0.157220
0 0.549666 0.275575 0.051563 0.142640
0 0.055375 0.494474 0.037131 0.125708
0 0.139586 0.590169 0.079750 0.176533
0 0.192351 0.964135 0.076616 0.071730
0 0.411443 0.325370 0.014198 0.060812
