0 0.471543 0.359461 0.043265 0.091994
0 0.753596 0.495731 0.079369 0.193680
0 0.355937 0.320184 0.044583 0.097584
0 0.381034 0.479740 0.046187 0.157578
0 0.632388 0.605913 0.095760 0.199025
0 0.071052 0.537071 0.045206 0.121474
0 0.525108 0.399602 0.049022 0.106710
0 0.429046 0.512011 0.080852 0.196245
0 0.621051 0.295427 0.040534 0.109675
0 0.421354 0.327580 0.036227 0.076724
0 0.919695 0.605146 0.068749 0.265211
0 0.827919 0.828247 0.123818 0.340332
0 0.317628 0.414579 0.045089 0.119861
0 0.569711 0.440469 0.067092 0.106260
0 0.054484 0.494124 0.036318 0.126594
0 0.497646 0.387544 0.027767 0.082112
0 0.283061 0.324589 0.025990 0.151017
0 0.538920 0.264639 0.029831 0.125502
0 0.131499 0.583725 0.067613 0.155100
0 0.581806 0.272545 0.035453 0.089734
