0 0.614156 0.290275 0.043203 0.116103
0 0.727044 0.548025 0.073550 0.154680
0 0.351992 0.318862 0.046011 0.104434
0 0.899071 0.494009 0.063136 0.139018
0 0.068331 0.540987 0.045953 0.122185
0 0.420108 0.503887 0.067274 0.177972
0 0.537650 0.393733 0.045473 0.115396
0 0.434410 0.321971 0.040864 0.082877
0 0.469336 0.360349 0.044948 0.093240
0 0.506869 0.389871 0.035285 0.097908
0 0.855605 0.701337 0.097619 0.247008
0 0.579670 0.276003 0.035914 0.098949
0 0.784900 0.506590 0.058630 0.087926
0 0.145940 0.375749 0.051646 0.217480
0 0.211903 0.406560 0.067474 0.226174
0 0.551974 0.277028 0.038078 0.145852
0 0.315063 0.427790 0.060669 0.148594
0 0.256764 0.430392 0.044556 0.167879
0 0.128028 0.570254 0.049557 0.126644
