0 0.719425 0.551236 0.062492 0.153219
0 0.419189 0.505299 0.073968 0.174969
0 0.352790 0.322579 0.051514 0.103123
0 0.431814 0.326424 0.032833 0.071402
0 0.774818 0.479192 0.060334 0.139752
0 0.617695 0.286328 0.043610 0.114798
0 0.533920 0.393224 0.030607 0.107688
0 0.503415 0.388028 0.036168 0.095439
0 0.377666 0.480192 0.044443 0.160134
0 0.906869 0.632955 0.067538 0.239502
0 0.059966 0.515045 0.059984 0.171123
0 0.458985 0.370409 0.046356 0.081068
0 0.581310 0.279022 0.038285 0.100739
0 0.173148 0.912264 0.094424 0.170489
0 0.551612 0.275987 0.038464 0.144305
0 0.188981 0.961648 0.079510 0.076703
0 0.316650 0.423854 0.044068 0.138084
0 0.130493 0.560224 0.057011 0.108349
0 0.563546 0.424594 0.062847 0.116987
0 0.068474 0.539737 0.044119 0.117667
0 0.823817 0.735824 0.114466 0.168295
0 0.309527 0.491241 0.080723 0.187740
