0 0.781006 0.488610 0.070681 0.159828
0 0.613730 0.609804 0.075687 0.201991
0 0.306112 0.417109 0.034939 0.128207
0 0.715694 0.545052 0.055732 0.160804
0 0.590445 0.438707 0.064240 0.157294
0 0.134041 0.647127 0.067838 0.222932
0 0.545904 0.403827 0.048673 0.125204
0 0.039235 0.519520 0.036296 0.157458
0 0.072535 0.526361 0.053008 0.137405
0 0.439181 0.327085 0.040914 0.079979
0 0.616703 0.293849 0.045085 0.113584
0 0.253117 0.929461 0.097559 0.140363
0 0.904368 0.503954 0.050098 0.126610
0 0.166638 0.893113 0.089519 0.201600
0 0.392224 0.516023 0.082576 0.319601
0 0.547789 0.257440 0.032173 0.116290
0 0.581565 0.272996 0.035163 0.093216
0 0.939491 0.574727 0.063808 0.253249
0 0.476322 0.353042 0.033575 0.067626
0 0.929560 0.619393 0.095980 0.306686
