0 0.597137 0.288611 0.041041 0.118873
0 0.705221 0.541691 0.054305 0.171477
0 0.630801 0.594122 0.077740 0.215887
0 0.790489 0.491858 0.085768 0.163713
0 0.887015 0.417265 0.051065 0.239660
0 0.435135 0.330084 0.040835 0.087394
0 0.307209 0.412565 0.035381 0.133290
0 0.594616 0.446838 0.062173 0.174126
0 0.479085 0.354321 0.032383 0.072458
0 0.182734 0.886439 0.074239 0.192665
0 0.442517 0.518493 0.080745 0.197093
0 0.384725 0.479780 0.040308 0.158518
0 0.809804 0.376134 0.037972 0.231614
0 0.888117 0.630585 0.080532 0.279586
0 0.562660 0.402677 0.043490 0.126406
0 0.064236 0.535260 0.038908 0.124133
0 0.122718 0.608474 0.057518 0.195021
0 0.543290 0.264900 0.035411 0.129184
0 0.043073 0.521325 0.044007 0.164042
0 0.224318 0.948092 0.084360 0.103816
