0 0.722564 0.560383 0.075944 0.138399
0 0.465747 0.359466 0.033558 0.095940
0 0.539734 0.400430 0.045755 0.132897
0 0.896856 0.478567 0.059598 0.162814
0 0.613567 0.288492 0.043015 0.109938
0 0.068757 0.540588 0.044785 0.122204
0 0.353625 0.317258 0.049814 0.104513
0 0.433346 0.329429 0.042704 0.101568
0 0.816774 0.813140 0.115207 0.343712
0 0.248509 0.415861 0.061111 0.172579
0 0.423903 0.501175 0.072946 0.184616
0 0.590032 0.485401 0.064199 0.264469
0 0.372593 0.260654 0.029736 0.145653
0 0.579866 0.279536 0.035623 0.103369
0 0.496043 0.393292 0.039545 0.089855
0 0.782287 0.512685 0.071105 0.087997
0 0.591024 0.424832 0.058948 0.143700
0 0.270103 0.365989 0.036136 0.115485
0 0.319767 0.425994 0.057691 0.153061
0 0.551096 0.275613 0.039575 0.144494
