0 0.765208 0.500176 0.060326 0.164092
0 0.703729 0.542377 0.058424 0.173203
0 0.472572 0.354941 0.044755 0.084123
0 0.591524 0.447140 0.068460 0.178874
0 0.639785 0.600400 0.089684 0.197301
0 0.384916 0.481089 0.044127 0.157876
0 0.429576 0.515945 0.080217 0.192746
0 0.893117 0.422992 0.053192 0.256431
0 0.535228 0.407830 0.054610 0.114304
0 0.179710 0.878773 0.076808 0.219869
0 0.320688 0.404284 0.047380 0.137530
0 0.852169 0.402729 0.040664 0.229202
0 0.597835 0.291926 0.042737 0.116925
0 0.427727 0.327415 0.059611 0.080041
0 0.868923 0.668055 0.131349 0.251687
0 0.122958 0.590279 0.050471 0.159105
0 0.539610 0.268817 0.026749 0.127765
0 0.053154 0.521027 0.057462 0.165885
0 0.217243 0.948294 0.101212 0.103412
