0 0.707592 0.544489 0.063105 0.162272
0 0.469165 0.356979 0.040111 0.096790
0 0.776994 0.485667 0.073679 0.168162
0 0.915946 0.495739 0.050956 0.154427
0 0.420749 0.503992 0.071184 0.173204
0 0.614784 0.284883 0.045067 0.116947
0 0.433527 0.329698 0.040293 0.085167
0 0.316596 0.412299 0.050936 0.121689
0 0.504928 0.388380 0.036510 0.097400
0 0.066199 0.537458 0.047841 0.123513
0 0.351083 0.323742 0.049047 0.099126
0 0.377576 0.477174 0.045037 0.156503
0 0.552544 0.383026 0.043662 0.115033
0 0.181036 0.961069 0.098705 0.077863
0 0.173183 0.912912 0.090654 0.163177
0 0.850937 0.645742 0.108255 0.254703
0 0.548516 0.261308 0.033241 0.115621
0 0.130575 0.560106 0.056764 0.108982
0 0.579589 0.276057 0.033220 0.092672
0 0.053914 0.485611 0.030015 0.105869
0 0.823256 0.746058 0.112507 0.162464
0 0.141816 0.612742 0.083637 0.217247
0 0.569268 0.444271 0.066657 0.098661
