0 0.720481 0.552584 0.061196 0.151804
0 0.469978 0.365096 0.042487 0.086164
0 0.783522 0.500628 0.067527 0.102569
0 0.421670 0.502917 0.072774 0.173772
0 0.436859 0.329159 0.031535 0.087408
0 0.067336 0.542076 0.044544 0.116358
0 0.353606 0.317604 0.043765 0.096572
0 0.537530 0.392345 0.047523 0.111424
0 0.618265 0.290695 0.041372 0.108435
0 0.285625 0.499220 0.071234 0.214444
0 0.889111 0.486564 0.062142 0.145774
0 0.382057 0.471199 0.046502 0.169697
0 0.850249 0.698474 0.091541 0.247866
0 0.502607 0.388192 0.041555 0.100036
0 0.131092 0.561053 0.054989 0.107752
0 0.316838 0.424091 0.050642 0.146561
0 0.172511 0.898533 0.085291 0.158255
0 0.576528 0.272125 0.033791 0.094998
0 0.243924 0.371415 0.044558 0.264546
0 0.551708 0.279563 0.040188 0.151785
