0 0.705011 0.541636 0.061403 0.173658
0 0.761963 0.497954 0.065789 0.172174
0 0.471704 0.354766 0.046442 0.084250
0 0.591442 0.446906 0.068162 0.178180
0 0.639480 0.600636 0.089234 0.196985
0 0.385187 0.480474 0.044898 0.159674
0 0.881078 0.640552 0.080643 0.263666
0 0.433903 0.327014 0.037223 0.079358
0 0.430151 0.515943 0.080707 0.192846
0 0.892630 0.435125 0.053247 0.227251
0 0.535136 0.407349 0.054503 0.114401
0 0.305920 0.417405 0.038731 0.137643
0 0.851281 0.403242 0.040584 0.226818
0 0.178776 0.873705 0.077279 0.208560
0 0.218693 0.937178 0.096065 0.125644
0 0.819859 0.816359 0.116851 0.334385
0 0.597767 0.292614 0.040420 0.115836
0 0.052819 0.520898 0.056244 0.165497
0 0.119597 0.593963 0.051671 0.155356
0 0.539950 0.267314 0.027482 0.123329
0 0.570439 0.273506 0.030540 0.087383
