0 0.792331 0.480953 0.081429 0.149097
0 0.069152 0.538698 0.044077 0.120723
0 0.722970 0.553094 0.076981 0.149959
0 0.504217 0.383259 0.035374 0.093415
0 0.900942 0.488872 0.063758 0.161850
0 0.613210 0.290384 0.043150 0.111019
0 0.437760 0.325382 0.027766 0.074926
0 0.533440 0.400362 0.055575 0.137986
0 0.180026 0.398432 0.045864 0.270489
0 0.350193 0.320772 0.046417 0.100438
0 0.816619 0.815372 0.114179 0.352573
0 0.578963 0.275145 0.033577 0.098191
0 0.129905 0.556946 0.052675 0.103004
0 0.425573 0.506680 0.074221 0.196613
0 0.178950 0.881310 0.083111 0.153616
0 0.591143 0.422951 0.059783 0.152567
0 0.548632 0.276524 0.046881 0.148618
0 0.290933 0.354183 0.029494 0.079204
0 0.459433 0.350676 0.029995 0.107683
0 0.198546 0.955298 0.074370 0.089404
0 0.315658 0.421095 0.065185 0.162242
