0 0.658153 0.584014 0.094234 0.186707
0 0.598337 0.287486 0.042169 0.119774
0 0.543897 0.403028 0.040404 0.126892
0 0.467642 0.364107 0.030494 0.079385
0 0.704041 0.534703 0.051177 0.152192
0 0.309766 0.418500 0.045856 0.133619
0 0.438574 0.521352 0.081216 0.185101
0 0.502927 0.387544 0.035224 0.095990
0 0.880622 0.634963 0.081185 0.261972
0 0.782663 0.411631 0.074137 0.181995
0 0.787258 0.495788 0.096737 0.175868
0 0.560324 0.513815 0.100935 0.291990
0 0.586858 0.429696 0.055474 0.123218
0 0.062571 0.540825 0.051248 0.121905
0 0.425287 0.330849 0.051463 0.078761
0 0.121606 0.590987 0.055838 0.144096
0 0.836563 0.747595 0.078418 0.207221
0 0.069749 0.478748 0.033826 0.107248
0 0.384816 0.482065 0.041419 0.157757
0 0.575328 0.279140 0.027245 0.097540
0 0.550843 0.274275 0.042534 0.138771
