0 0.787514 0.492187 0.091224 0.157919
0 0.598496 0.287764 0.040261 0.117208
0 0.302901 0.418250 0.056007 0.130944
0 0.468450 0.356031 0.045063 0.099814
0 0.723254 0.543424 0.061741 0.148975
0 0.190037 0.963195 0.078452 0.073609
0 0.072773 0.537752 0.048970 0.118226
0 0.434802 0.326797 0.041103 0.077315
0 0.501296 0.389001 0.037452 0.095318
0 0.883215 0.634664 0.085323 0.259618
0 0.055665 0.493757 0.036751 0.123643
0 0.124301 0.578172 0.052771 0.142977
0 0.380236 0.445792 0.037845 0.129487
0 0.529431 0.522300 0.102649 0.404930
0 0.431001 0.538540 0.077793 0.234307
0 0.633210 0.574815 0.062795 0.157071
0 0.163499 0.915492 0.084441 0.145585
0 0.818228 0.814691 0.095695 0.318844
0 0.549807 0.273528 0.052177 0.145472
