0 0.466271 0.365366 0.038401 0.089250
0 0.598472 0.289896 0.041037 0.115702
0 0.732053 0.542366 0.084514 0.159186
0 0.069284 0.538616 0.041380 0.117910
0 0.302551 0.418586 0.056194 0.129302
0 0.788412 0.492994 0.090696 0.134883
0 0.190299 0.963392 0.078344 0.073216
0 0.666130 0.576477 0.070025 0.146399
0 0.903261 0.619095 0.066630 0.244861
0 0.501983 0.388442 0.038139 0.096319
0 0.433136 0.332696 0.036241 0.088156
0 0.824479 0.754267 0.086296 0.214218
0 0.123931 0.574314 0.053216 0.119774
0 0.560443 0.516287 0.080526 0.398877
0 0.574712 0.271015 0.029343 0.090439
0 0.163463 0.910752 0.083406 0.143355
0 0.059747 0.481593 0.042060 0.129222
0 0.541241 0.383945 0.032927 0.114328
0 0.547141 0.260574 0.027767 0.114210
0 0.388204 0.482727 0.056519 0.163680
