0 0.792609 0.482649 0.081808 0.146632
0 0.722993 0.553907 0.078005 0.150731
0 0.417918 0.503683 0.076732 0.180484
0 0.069349 0.540345 0.045041 0.120002
0 0.613249 0.290349 0.042031 0.109121
0 0.539651 0.399134 0.046275 0.131209
0 0.900918 0.478486 0.061654 0.165415
0 0.463787 0.355104 0.040367 0.097639
0 0.662727 0.431705 0.064822 0.348777
0 0.354380 0.318124 0.045184 0.096385
0 0.578957 0.276584 0.034038 0.099539
0 0.816726 0.812771 0.114616 0.349408
0 0.180896 0.879043 0.080444 0.154818
0 0.129830 0.556687 0.053315 0.103888
0 0.548578 0.276734 0.045644 0.151261
0 0.435418 0.330699 0.042541 0.061852
0 0.592547 0.424620 0.058939 0.145870
0 0.589762 0.486929 0.062524 0.267907
0 0.317364 0.425333 0.060246 0.152344
0 0.199035 0.954433 0.074902 0.091134
0 0.292292 0.353133 0.030483 0.077544
0 0.499552 0.396129 0.037963 0.083231
