0 0.472599 0.354280 0.044547 0.085694
0 0.435122 0.327976 0.043316 0.076586
0 0.384132 0.480246 0.045688 0.159014
0 0.596661 0.289234 0.039306 0.113298
0 0.826632 0.389746 0.051888 0.257334
0 0.049986 0.520984 0.053554 0.165054
0 0.552330 0.404926 0.049184 0.122768
0 0.594794 0.450912 0.059578 0.165365
0 0.429642 0.514631 0.079171 0.193916
0 0.633119 0.591349 0.084373 0.214545
0 0.180246 0.890483 0.074142 0.187964
0 0.875229 0.634053 0.080184 0.262727
0 0.308110 0.412267 0.039119 0.134940
0 0.885609 0.414741 0.043042 0.221528
0 0.767404 0.498396 0.085511 0.145746
0 0.539504 0.267662 0.027755 0.123827
0 0.741038 0.561798 0.088747 0.139773
0 0.118991 0.595681 0.053620 0.173755
0 0.217819 0.947874 0.098643 0.104251
0 0.565703 0.284581 0.031477 0.111802
