0 0.726586 0.549922 0.081234 0.155882
0 0.771372 0.495845 0.053808 0.111686
0 0.420558 0.505020 0.072657 0.175000
0 0.548942 0.390545 0.052187 0.130409
0 0.347576 0.324097 0.047754 0.105356
0 0.315858 0.414582 0.052165 0.117931
0 0.504838 0.387384 0.039257 0.096467
0 0.068306 0.537327 0.043805 0.120813
0 0.617474 0.286486 0.045409 0.119924
0 0.682702 0.326456 0.085242 0.264286
0 0.175413 0.892058 0.090174 0.159952
0 0.379080 0.479057 0.041606 0.158058
0 0.189230 0.960121 0.083570 0.079757
0 0.581246 0.279191 0.038055 0.102475
0 0.550881 0.268768 0.037302 0.131987
0 0.877435 0.630754 0.068063 0.211528
0 0.825390 0.821666 0.124101 0.338480
0 0.127791 0.563605 0.055458 0.112208
0 0.835993 0.665398 0.140923 0.271317
0 0.452569 0.353932 0.054521 0.092273
0 0.060129 0.513340 0.061880 0.172247
