0 0.305103 0.415899 0.039049 0.139577
0 0.134299 0.647958 0.067726 0.222168
0 0.071586 0.528036 0.051966 0.135418
0 0.733236 0.543426 0.074733 0.154445
0 0.514359 0.378674 0.038713 0.110239
0 0.786426 0.482955 0.059971 0.138211
0 0.544008 0.388365 0.040148 0.118079
0 0.617070 0.627169 0.079141 0.166292
0 0.167323 0.898242 0.088845 0.197124
0 0.385810 0.473567 0.087241 0.263392
0 0.573521 0.439130 0.070347 0.117971
0 0.584349 0.276668 0.033593 0.099887
0 0.252700 0.934168 0.076989 0.127963
0 0.039325 0.518493 0.036231 0.157608
0 0.481426 0.365042 0.033042 0.088758
0 0.438249 0.321176 0.045510 0.073405
0 0.549749 0.258574 0.035928 0.118838
0 0.613053 0.293492 0.046279 0.116993
0 0.874457 0.657391 0.085257 0.248657
