0 0.779636 0.491059 0.072990 0.165621
0 0.634121 0.594715 0.084171 0.212622
0 0.715896 0.540162 0.069319 0.168193
0 0.597665 0.288178 0.044754 0.121251
0 0.307095 0.413640 0.039229 0.139313
0 0.398426 0.492868 0.069498 0.188517
0 0.434702 0.331106 0.044941 0.080594
0 0.540698 0.396670 0.053415 0.130189
0 0.818170 0.382802 0.063698 0.255256
0 0.869458 0.412085 0.051315 0.237287
0 0.480152 0.351124 0.033769 0.083712
0 0.154365 0.853451 0.098713 0.179113
0 0.550980 0.259522 0.029277 0.113971
0 0.593207 0.446284 0.061040 0.171897
0 0.217486 0.918213 0.097982 0.163574
0 0.040816 0.520814 0.038624 0.164997
0 0.067263 0.540215 0.039901 0.115977
0 0.879985 0.653316 0.086409 0.242961
0 0.122711 0.590497 0.050811 0.163712
