0 0.472260 0.355425 0.044755 0.083437
0 0.706636 0.549660 0.061335 0.150479
0 0.437615 0.326820 0.038223 0.082442
0 0.591304 0.447901 0.068809 0.173507
0 0.765284 0.488745 0.054313 0.122232
0 0.384598 0.480033 0.045189 0.159432
0 0.640745 0.599742 0.088937 0.197857
0 0.893427 0.423333 0.053838 0.257178
0 0.431547 0.516698 0.080132 0.191933
0 0.535362 0.407531 0.054502 0.111964
0 0.180748 0.889405 0.073595 0.188639
0 0.306012 0.413558 0.037568 0.139145
0 0.852372 0.403066 0.041572 0.228189
0 0.594873 0.291231 0.042614 0.115891
0 0.869280 0.668098 0.137284 0.252457
0 0.121843 0.590931 0.051162 0.160909
0 0.053506 0.520680 0.057544 0.168458
0 0.536662 0.273070 0.032417 0.120826
0 0.218147 0.947179 0.099145 0.105642
0 0.839975 0.760443 0.087148 0.212065
