0 0.641306 0.603208 0.104208 0.203372
0 0.304384 0.419083 0.039588 0.140271
0 0.433730 0.326827 0.037420 0.081143
0 0.424441 0.504390 0.070306 0.175322
0 0.591792 0.445694 0.067076 0.175511
0 0.536800 0.407094 0.054862 0.114450
0 0.893632 0.423195 0.053537 0.241153
0 0.381931 0.477451 0.044836 0.166943
0 0.052367 0.520953 0.057935 0.167565
0 0.880467 0.629555 0.081340 0.255445
0 0.162863 0.921258 0.086642 0.156426
0 0.468591 0.354290 0.045107 0.083091
0 0.850182 0.401667 0.040041 0.229155
0 0.215485 0.937710 0.091125 0.124580
0 0.605153 0.297703 0.049854 0.113195
0 0.575722 0.277015 0.025950 0.093501
0 0.824186 0.811034 0.112188 0.329221
0 0.479177 0.406470 0.033509 0.098510
0 0.113093 0.603076 0.054962 0.153422
0 0.545365 0.269246 0.039714 0.129625
