0 0.722033 0.559345 0.075881 0.139603
0 0.613560 0.289836 0.042989 0.111978
0 0.895602 0.481175 0.059089 0.158858
0 0.538958 0.399754 0.046854 0.132458
0 0.068733 0.541965 0.043757 0.120839
0 0.351297 0.320687 0.046918 0.106322
0 0.418543 0.503811 0.073492 0.183448
0 0.817016 0.812924 0.114417 0.342955
0 0.251385 0.415029 0.063858 0.171023
0 0.782131 0.507620 0.069552 0.098144
0 0.591415 0.423131 0.056227 0.140666
0 0.435044 0.324318 0.045430 0.090444
0 0.463702 0.357569 0.039112 0.098517
0 0.579716 0.277792 0.035808 0.101781
0 0.319303 0.425433 0.056527 0.152187
0 0.495464 0.392658 0.041344 0.086918
0 0.551267 0.276034 0.039811 0.145667
0 0.275843 0.345136 0.047568 0.152694
0 0.423376 0.252805 0.030736 0.150288
0 0.589066 0.488153 0.060068 0.268696
