0 0.706187 0.545914 0.062835 0.161081
0 0.787903 0.491980 0.093037 0.164084
0 0.418448 0.504278 0.070957 0.169407
0 0.476793 0.356507 0.041336 0.102058
0 0.504973 0.387897 0.036463 0.100517
0 0.315850 0.412677 0.049512 0.121871
0 0.579503 0.278397 0.034624 0.104424
0 0.349649 0.322304 0.049600 0.097548
0 0.616487 0.287589 0.046092 0.120733
0 0.061472 0.517590 0.057833 0.166139
0 0.899384 0.625615 0.079398 0.286305
0 0.432552 0.336377 0.045694 0.087286
0 0.378386 0.475908 0.044419 0.154040
0 0.556005 0.384324 0.043114 0.107106
0 0.174442 0.913381 0.086651 0.163737
0 0.909776 0.494535 0.041494 0.128388
0 0.188325 0.957131 0.094331 0.085738
0 0.550123 0.269745 0.037716 0.135084
0 0.144037 0.616255 0.089905 0.221555
0 0.824756 0.825070 0.122252 0.329864
0 0.571720 0.446491 0.069193 0.097743
0 0.129809 0.563695 0.060031 0.109883
