0 0.777342 0.482095 0.052496 0.157307
0 0.071442 0.527254 0.053235 0.137042
0 0.617605 0.619633 0.078090 0.178932
0 0.308062 0.415895 0.037585 0.135113
0 0.134484 0.647829 0.067670 0.220775
0 0.543496 0.392618 0.042677 0.112052
0 0.721085 0.527387 0.046102 0.169043
0 0.572326 0.439988 0.069191 0.116741
0 0.438212 0.321651 0.045848 0.074231
0 0.251641 0.931616 0.075811 0.136758
0 0.584709 0.275736 0.032786 0.097798
0 0.039275 0.518396 0.036659 0.157144
0 0.481565 0.365671 0.034744 0.090075
0 0.385398 0.473303 0.087606 0.265463
0 0.612724 0.292746 0.045502 0.117174
0 0.548862 0.260412 0.035166 0.121955
0 0.880808 0.645796 0.085232 0.263507
0 0.513457 0.384937 0.035656 0.099832
0 0.170835 0.885407 0.096090 0.229187
