0 0.630188 0.594645 0.077361 0.209675
0 0.790979 0.492497 0.085763 0.161215
0 0.704585 0.541280 0.052863 0.170637
0 0.434725 0.329885 0.044097 0.082559
0 0.181396 0.889328 0.076388 0.189864
0 0.598415 0.288097 0.045083 0.119910
0 0.552355 0.394288 0.051327 0.132765
0 0.398906 0.494191 0.067946 0.193257
0 0.479531 0.354914 0.031171 0.070391
0 0.310231 0.412142 0.044860 0.142525
0 0.821145 0.395120 0.077583 0.212654
0 0.741388 0.403397 0.072411 0.179644
0 0.886745 0.610455 0.082497 0.233574
0 0.550624 0.260076 0.028959 0.114756
0 0.047562 0.521097 0.053153 0.165208
0 0.809011 0.317182 0.041333 0.133007
0 0.218195 0.949802 0.098878 0.100396
0 0.066793 0.537115 0.042510 0.117753
0 0.123317 0.606656 0.064672 0.213710
0 0.593676 0.451349 0.063124 0.166615
