0 0.725363 0.542898 0.067122 0.163997
0 0.418117 0.502122 0.073006 0.172247
0 0.505631 0.392490 0.039111 0.093034
0 0.477641 0.356478 0.042514 0.103564
0 0.346398 0.326285 0.046906 0.109486
0 0.791236 0.483239 0.087940 0.160361
0 0.579426 0.282512 0.035350 0.112100
0 0.317274 0.412555 0.053395 0.121065
0 0.818888 0.818831 0.113106 0.336697
0 0.176772 0.924149 0.100359 0.151701
0 0.375650 0.463358 0.042226 0.134135
0 0.615905 0.287028 0.045362 0.121565
0 0.901518 0.621309 0.087661 0.296031
0 0.061560 0.517009 0.057396 0.165132
0 0.430574 0.340491 0.046901 0.073940
0 0.573685 0.382619 0.033762 0.106073
0 0.548535 0.271393 0.043545 0.144652
0 0.131094 0.559788 0.055520 0.109082
0 0.570529 0.446152 0.068409 0.095708
0 0.188179 0.959517 0.093593 0.080966
