0 0.467045 0.365265 0.040035 0.087714
0 0.302372 0.416846 0.055067 0.128556
0 0.599463 0.290111 0.040549 0.115630
0 0.503941 0.389033 0.033852 0.092915
0 0.719254 0.542658 0.110725 0.173359
0 0.789218 0.488949 0.086398 0.139020
0 0.543809 0.398478 0.039452 0.115346
0 0.070039 0.539279 0.042520 0.113471
0 0.382445 0.478258 0.039102 0.155729
0 0.430118 0.326160 0.040764 0.079980
0 0.124092 0.573124 0.052491 0.121527
0 0.630786 0.480443 0.125851 0.279475
0 0.888514 0.630266 0.079930 0.263983
0 0.198321 0.961849 0.077658 0.076301
0 0.432748 0.534589 0.078609 0.229598
0 0.162281 0.905718 0.084467 0.136892
0 0.573884 0.275698 0.030544 0.094021
0 0.056106 0.492286 0.037179 0.120427
0 0.548425 0.275315 0.051398 0.143663
0 0.833158 0.730431 0.097154 0.148988
0 0.578183 0.436832 0.081579 0.120220
0 0.617025 0.599879 0.091150 0.216471
0 0.577586 0.501253 0.083110 0.247069
0 0.828939 0.816112 0.110280 0.332318
