0 0.791979 0.482153 0.081526 0.145586
0 0.068906 0.537567 0.044347 0.126503
0 0.722882 0.556213 0.078936 0.146012
0 0.417661 0.503363 0.077440 0.182443
0 0.902024 0.491787 0.064604 0.155989
0 0.540173 0.399872 0.046009 0.134524
0 0.351687 0.319291 0.046768 0.102073
0 0.475157 0.356369 0.042007 0.101287
0 0.180162 0.877283 0.081708 0.150830
0 0.504415 0.385690 0.036687 0.102038
0 0.613551 0.294818 0.043135 0.115771
0 0.541348 0.297486 0.065685 0.175378
0 0.816783 0.813232 0.114499 0.349664
0 0.432296 0.327629 0.034993 0.074458
0 0.591372 0.423510 0.058628 0.150365
0 0.129236 0.556959 0.052244 0.101660
0 0.579529 0.280223 0.031605 0.106152
0 0.292046 0.354385 0.031461 0.077757
0 0.199928 0.956638 0.074868 0.086724
0 0.545156 0.228619 0.018343 0.057954
0 0.318050 0.423954 0.052705 0.150237
0 0.588635 0.487634 0.062337 0.271796
