0 0.720715 0.554795 0.062192 0.147888
0 0.783840 0.496692 0.066461 0.108147
0 0.470814 0.365203 0.039924 0.086479
0 0.437632 0.328840 0.032282 0.094204
0 0.352512 0.319396 0.047881 0.103410
0 0.422013 0.503157 0.072517 0.174586
0 0.890864 0.479775 0.065890 0.163461
0 0.067301 0.541835 0.044762 0.117495
0 0.537402 0.390136 0.045616 0.110564
0 0.617832 0.290739 0.041280 0.108025
0 0.850046 0.699070 0.092620 0.247520
0 0.298028 0.492943 0.065330 0.213773
0 0.239774 0.372470 0.030202 0.267994
0 0.381583 0.469887 0.045588 0.171076
0 0.503445 0.388273 0.042655 0.100562
0 0.172406 0.897068 0.088087 0.161759
0 0.131137 0.560743 0.055023 0.108141
0 0.551722 0.279127 0.039143 0.153098
0 0.315486 0.411745 0.049332 0.122976
0 0.580683 0.275870 0.036910 0.096663
0 0.199079 0.955671 0.075161 0.088657
