0 0.792115 0.482296 0.081917 0.146061
0 0.722321 0.556198 0.078232 0.144686
0 0.069120 0.537910 0.044468 0.124603
0 0.904114 0.486895 0.060761 0.169822
0 0.417286 0.504955 0.078248 0.182478
0 0.540274 0.399423 0.046177 0.132987
0 0.353546 0.316530 0.048057 0.099116
0 0.473671 0.350944 0.032323 0.093361
0 0.503548 0.386025 0.038020 0.101156
0 0.613594 0.294443 0.043642 0.116560
0 0.539617 0.297911 0.062809 0.174304
0 0.180332 0.879010 0.083163 0.150107
0 0.816644 0.812834 0.115139 0.349218
0 0.432163 0.326923 0.034929 0.072962
0 0.591924 0.425049 0.058989 0.153528
0 0.129643 0.556789 0.052451 0.102816
0 0.199119 0.955966 0.075490 0.088068
0 0.548791 0.229615 0.018231 0.058143
0 0.578819 0.284185 0.033202 0.117038
0 0.292732 0.353701 0.031459 0.077732
0 0.316141 0.425044 0.061711 0.153066
