0 0.591584 0.445864 0.068740 0.179288
0 0.471268 0.354761 0.048419 0.082408
0 0.639173 0.599343 0.090535 0.204279
0 0.775760 0.437201 0.070063 0.204378
0 0.429670 0.514328 0.075319 0.191589
0 0.722390 0.490780 0.048219 0.213976
0 0.429479 0.331378 0.044932 0.089430
0 0.892694 0.420495 0.053268 0.253191
0 0.852598 0.405064 0.042097 0.229609
0 0.535698 0.407648 0.054537 0.113950
0 0.306199 0.418659 0.039050 0.135447
0 0.381160 0.482721 0.042584 0.157247
0 0.220076 0.942056 0.091318 0.115889
0 0.822599 0.811101 0.125084 0.330851
0 0.149942 0.892624 0.074521 0.178307
0 0.057793 0.521236 0.066682 0.166937
0 0.611434 0.290991 0.050273 0.116452
0 0.540254 0.267518 0.027534 0.125613
0 0.884806 0.644140 0.075757 0.262865
0 0.135294 0.603944 0.074214 0.165053
0 0.050257 0.490723 0.048987 0.103990
