0 0.726082 0.542404 0.068206 0.163217
0 0.417234 0.502883 0.071817 0.172464
0 0.790692 0.481307 0.084748 0.159709
0 0.503247 0.391395 0.042223 0.096240
0 0.475922 0.355118 0.038707 0.094200
0 0.350114 0.323529 0.049041 0.100822
0 0.316193 0.412489 0.051088 0.121941
0 0.616882 0.289185 0.043287 0.120804
0 0.901145 0.628007 0.081345 0.284349
0 0.818907 0.819332 0.113219 0.335818
0 0.434215 0.339071 0.041218 0.081334
0 0.376408 0.467490 0.041772 0.140597
0 0.580172 0.281409 0.036395 0.109841
0 0.066467 0.538987 0.045224 0.117525
0 0.568433 0.380736 0.036946 0.103001
0 0.130436 0.560703 0.055732 0.106672
0 0.910561 0.503188 0.038815 0.124264
0 0.185760 0.960858 0.090765 0.078283
0 0.177954 0.924230 0.086337 0.151540
0 0.546664 0.272730 0.045262 0.134055
0 0.570276 0.446368 0.067314 0.093756
