0 0.777180 0.483489 0.062978 0.142957
0 0.720261 0.553240 0.061201 0.149868
0 0.421317 0.502045 0.071676 0.173563
0 0.469626 0.365355 0.043193 0.085900
0 0.618264 0.290403 0.041901 0.107292
0 0.433914 0.331446 0.035860 0.090982
0 0.350904 0.322161 0.050011 0.098742
0 0.883572 0.468074 0.062866 0.155943
0 0.067326 0.542590 0.044698 0.115060
0 0.537560 0.390752 0.048186 0.109602
0 0.381062 0.471228 0.045608 0.172430
0 0.317156 0.422996 0.050542 0.146796
0 0.502942 0.387756 0.041689 0.100109
0 0.849591 0.698670 0.092083 0.247040
0 0.172267 0.900305 0.087131 0.159405
0 0.256278 0.349366 0.038928 0.225726
0 0.130927 0.560921 0.055438 0.107996
0 0.576794 0.272236 0.034161 0.095334
0 0.551883 0.277573 0.039879 0.146694
0 0.289343 0.522043 0.054478 0.173831
