0 0.787737 0.490933 0.093057 0.179489
0 0.698034 0.554791 0.066511 0.178838
0 0.630516 0.600089 0.104216 0.221998
0 0.315875 0.414135 0.051540 0.120575
0 0.430630 0.511189 0.078713 0.193548
0 0.348901 0.324064 0.046329 0.097294
0 0.383039 0.476850 0.045492 0.158248
0 0.471222 0.361571 0.033718 0.090934
0 0.070795 0.533141 0.045187 0.126822
0 0.843241 0.761137 0.083047 0.210778
0 0.575272 0.274178 0.031966 0.095915
0 0.421658 0.330194 0.041068 0.082537
0 0.054621 0.494347 0.036091 0.124314
0 0.570418 0.439723 0.065547 0.108196
0 0.547521 0.277138 0.049271 0.143650
0 0.856122 0.653514 0.107252 0.226021
0 0.548610 0.390637 0.032383 0.077378
0 0.130014 0.568382 0.065214 0.121586
0 0.610338 0.293336 0.047155 0.110111
0 0.885626 0.632322 0.050378 0.174988
