0 0.716953 0.539318 0.066872 0.163254
0 0.761941 0.483822 0.060032 0.156340
0 0.542355 0.388374 0.065950 0.127391
0 0.502079 0.381686 0.035269 0.088518
0 0.470350 0.364966 0.036434 0.085317
0 0.433804 0.328423 0.038432 0.084046
0 0.313633 0.414343 0.044491 0.121042
0 0.117738 0.620043 0.073206 0.230126
0 0.647956 0.581036 0.065771 0.159507
0 0.188442 0.963243 0.079114 0.073513
0 0.919640 0.608097 0.068163 0.271676
0 0.441817 0.514550 0.067212 0.179322
0 0.838982 0.754741 0.084252 0.187035
0 0.161073 0.912094 0.085096 0.148012
0 0.066697 0.545379 0.044328 0.107961
0 0.604139 0.297375 0.042742 0.120764
0 0.537811 0.263731 0.030317 0.126243
0 0.056870 0.485700 0.040979 0.106260
0 0.059992 0.515750 0.052212 0.166906
0 0.581093 0.277955 0.031345 0.101945
0 0.403846 0.585570 0.141350 0.437023
