0 0.467986 0.366208 0.039243 0.085855
0 0.720586 0.557203 0.068715 0.140288
0 0.779204 0.493444 0.064232 0.145046
0 0.436443 0.327836 0.032373 0.089404
0 0.436449 0.525599 0.077184 0.173824
0 0.539785 0.397868 0.051289 0.119439
0 0.184146 0.962026 0.073239 0.075949
0 0.501589 0.390291 0.031629 0.088673
0 0.910957 0.611914 0.071054 0.252794
0 0.168765 0.899815 0.095566 0.154077
0 0.312332 0.415710 0.046855 0.121820
0 0.143826 0.598879 0.072735 0.179686
0 0.067910 0.542598 0.039535 0.110512
0 0.819722 0.822314 0.106982 0.334201
0 0.613111 0.484666 0.130043 0.284198
0 0.379847 0.477165 0.046981 0.157340
0 0.613083 0.595995 0.084446 0.205985
0 0.548440 0.274747 0.050064 0.148532
0 0.059374 0.515417 0.053564 0.167070
0 0.054073 0.486602 0.036899 0.108674
