0 0.781094 0.490205 0.070697 0.154643
0 0.722078 0.546961 0.058594 0.147591
0 0.304784 0.415012 0.038755 0.140801
0 0.134301 0.648442 0.067991 0.223174
0 0.071728 0.527667 0.051821 0.135989
0 0.514363 0.376855 0.036281 0.111647
0 0.250731 0.936503 0.097522 0.126994
0 0.614895 0.627722 0.074934 0.165993
0 0.543746 0.390482 0.040991 0.119310
0 0.385793 0.473578 0.087103 0.262864
0 0.039359 0.518290 0.036021 0.156751
0 0.572322 0.439095 0.073507 0.120350
0 0.584364 0.277299 0.032946 0.101406
0 0.166608 0.895846 0.086697 0.182450
0 0.550237 0.258473 0.035263 0.118320
0 0.438323 0.321786 0.045332 0.074544
0 0.873957 0.649234 0.077932 0.257466
0 0.613307 0.293921 0.046200 0.116339
0 0.481327 0.365064 0.034742 0.089136
