0 0.781248 0.488982 0.071069 0.157660
0 0.615009 0.609749 0.078272 0.201633
0 0.720895 0.545525 0.058526 0.153415
0 0.071715 0.526955 0.051952 0.137405
0 0.305782 0.416482 0.034929 0.129690
0 0.134154 0.647385 0.068039 0.222073
0 0.545846 0.400255 0.048617 0.120238
0 0.255492 0.926815 0.090977 0.146204
0 0.441531 0.325511 0.041291 0.071847
0 0.039845 0.518506 0.037123 0.156620
0 0.891344 0.643066 0.080251 0.268693
0 0.408842 0.465847 0.117037 0.283353
0 0.168156 0.896998 0.088996 0.198565
0 0.583843 0.276192 0.034228 0.098886
0 0.578640 0.433943 0.083327 0.142695
0 0.616396 0.293793 0.047555 0.121773
0 0.548566 0.261164 0.035721 0.123611
0 0.476383 0.353768 0.037223 0.068553
