0 0.439009 0.519785 0.080217 0.196668
0 0.719284 0.549710 0.065744 0.145150
0 0.472247 0.357129 0.037027 0.096929
0 0.529004 0.405336 0.063895 0.131376
0 0.352407 0.319831 0.049841 0.106467
0 0.433233 0.324030 0.032061 0.088093
0 0.645247 0.561794 0.093838 0.227814
0 0.771928 0.496228 0.060106 0.135287
0 0.131196 0.556643 0.052983 0.103280
0 0.612642 0.292561 0.045028 0.104983
0 0.816037 0.813642 0.118133 0.348568
0 0.592570 0.422149 0.059109 0.150142
0 0.322896 0.419927 0.052441 0.152005
0 0.053793 0.520349 0.064367 0.168280
0 0.166597 0.873729 0.074016 0.134583
0 0.499917 0.379687 0.034871 0.081202
0 0.068030 0.538562 0.042485 0.120216
0 0.179477 0.902545 0.104841 0.194910
0 0.291915 0.356618 0.029571 0.085011
0 0.539424 0.267137 0.028485 0.131624
0 0.493233 0.395912 0.021998 0.050477
0 0.582277 0.282070 0.038631 0.099536
