0 0.714320 0.541152 0.070524 0.169619
0 0.787351 0.492548 0.090310 0.162609
0 0.434606 0.330083 0.044457 0.082258
0 0.631565 0.595641 0.079568 0.212663
0 0.597659 0.288350 0.044692 0.119105
0 0.234321 0.938889 0.084053 0.122221
0 0.178029 0.885137 0.078256 0.186263
0 0.479444 0.356179 0.031318 0.068875
0 0.312148 0.414168 0.044035 0.140451
0 0.835128 0.404836 0.064075 0.231910
0 0.398544 0.493883 0.068720 0.190100
0 0.553194 0.395236 0.047183 0.132459
0 0.265371 0.624536 0.070315 0.303997
0 0.543195 0.265075 0.032567 0.129366
0 0.123241 0.608966 0.063706 0.214664
0 0.592269 0.447118 0.064809 0.175457
0 0.878277 0.652982 0.086845 0.246697
0 0.812249 0.397231 0.040483 0.204009
0 0.041396 0.520812 0.039847 0.165238
0 0.066728 0.542571 0.040106 0.110392
0 0.577484 0.270395 0.027797 0.083067
0 0.810235 0.323499 0.040801 0.137282
