0 0.728297 0.543836 0.073983 0.160996
0 0.417606 0.502485 0.071808 0.170532
0 0.771620 0.486654 0.053876 0.134270
0 0.316204 0.413207 0.050253 0.121247
0 0.350165 0.321425 0.046948 0.096705
0 0.476856 0.355481 0.040019 0.098536
0 0.504898 0.393024 0.039590 0.094548
0 0.617789 0.289273 0.044005 0.118280
0 0.819728 0.817389 0.114893 0.333838
0 0.181405 0.926298 0.094682 0.147404
0 0.580964 0.282168 0.038183 0.109302
0 0.895520 0.616735 0.090173 0.272294
0 0.376317 0.468523 0.041503 0.142749
0 0.572851 0.382763 0.036950 0.104171
0 0.551796 0.276475 0.037967 0.129574
0 0.434901 0.336290 0.046753 0.077003
0 0.058352 0.517615 0.054918 0.164330
0 0.129484 0.561354 0.055529 0.107339
0 0.571561 0.448739 0.061557 0.088862
0 0.907714 0.495633 0.071967 0.133198
0 0.070223 0.531592 0.043999 0.130167
0 0.188245 0.959803 0.093104 0.080393
