0 0.467484 0.362574 0.040703 0.091759
0 0.728045 0.543715 0.058848 0.142805
0 0.540262 0.399491 0.052123 0.125278
0 0.435456 0.327643 0.040851 0.082743
0 0.183591 0.962895 0.072977 0.074209
0 0.310957 0.414939 0.049210 0.124899
0 0.379856 0.477282 0.047349 0.155047
0 0.748460 0.414154 0.069930 0.223342
0 0.779344 0.493126 0.063940 0.146374
0 0.435777 0.526045 0.084537 0.169686
0 0.168091 0.902681 0.097512 0.152211
0 0.503241 0.387236 0.029563 0.094059
0 0.820154 0.821404 0.103466 0.331773
0 0.145955 0.597881 0.075854 0.176561
0 0.548909 0.278211 0.051760 0.148721
0 0.060726 0.516226 0.054079 0.169411
0 0.593852 0.422456 0.076778 0.151586
0 0.615103 0.583440 0.077106 0.181443
0 0.918525 0.608356 0.071925 0.266306
