0 0.781678 0.490511 0.069284 0.129833
0 0.722194 0.556448 0.076622 0.146215
0 0.613643 0.290142 0.043763 0.112287
0 0.899243 0.480258 0.059358 0.164111
0 0.417609 0.503478 0.079078 0.183615
0 0.068552 0.539545 0.044377 0.123641
0 0.471146 0.355060 0.035140 0.089309
0 0.590026 0.487924 0.064282 0.261970
0 0.351594 0.322019 0.046303 0.108268
0 0.539256 0.400960 0.047144 0.133007
0 0.816988 0.811897 0.114200 0.343215
0 0.433135 0.329561 0.037693 0.098173
0 0.529668 0.299355 0.077181 0.178735
0 0.496573 0.393172 0.039138 0.091283
0 0.579451 0.282018 0.034155 0.111372
0 0.130596 0.558309 0.051683 0.101321
0 0.311084 0.411278 0.069960 0.181931
0 0.591445 0.426893 0.059148 0.140878
0 0.550322 0.230708 0.018608 0.056111
0 0.291556 0.356675 0.032635 0.078476
0 0.275083 0.334597 0.023733 0.076222
