0 0.619135 0.599434 0.087379 0.212493
0 0.787605 0.490880 0.091892 0.178680
0 0.694698 0.555669 0.077600 0.168853
0 0.315650 0.413562 0.052111 0.123132
0 0.348185 0.323457 0.049941 0.103561
0 0.425940 0.509152 0.075199 0.180182
0 0.473414 0.361440 0.036910 0.096352
0 0.857218 0.661198 0.116628 0.222457
0 0.380167 0.481798 0.044934 0.154680
0 0.844178 0.761258 0.088020 0.213608
0 0.548260 0.276117 0.049627 0.141021
0 0.624676 0.291820 0.041092 0.098411
0 0.539057 0.388292 0.060143 0.112139
0 0.422992 0.328083 0.038876 0.081006
0 0.568507 0.443535 0.062886 0.097887
0 0.504289 0.382690 0.028016 0.095790
0 0.044000 0.518885 0.044800 0.166471
0 0.144813 0.616092 0.091721 0.229873
0 0.067775 0.537072 0.043861 0.119078
0 0.583058 0.281493 0.039911 0.108843
