0 0.772336 0.488241 0.058002 0.123882
0 0.727471 0.549675 0.080535 0.154674
0 0.345553 0.326589 0.049239 0.107369
0 0.548968 0.391523 0.050711 0.126255
0 0.617260 0.286611 0.043859 0.117952
0 0.420105 0.502927 0.073806 0.177249
0 0.646241 0.589187 0.064804 0.172918
0 0.910018 0.617840 0.059741 0.269944
0 0.504650 0.389557 0.035913 0.094071
0 0.316308 0.416325 0.051285 0.117158
0 0.060844 0.515667 0.060452 0.170126
0 0.552354 0.269424 0.040540 0.134063
0 0.188543 0.960775 0.082678 0.078449
0 0.378475 0.468418 0.043346 0.170150
0 0.173558 0.919333 0.096115 0.158483
0 0.827061 0.733009 0.119132 0.141275
0 0.571149 0.440924 0.066445 0.107306
0 0.582205 0.281384 0.039781 0.099195
0 0.128055 0.563978 0.055812 0.112690
0 0.069190 0.538181 0.044510 0.116964
0 0.454212 0.358388 0.061879 0.096985
