0 0.726505 0.550104 0.080128 0.157117
0 0.617364 0.286418 0.044600 0.117411
0 0.421015 0.502648 0.074196 0.179257
0 0.776344 0.501137 0.064272 0.091959
0 0.504333 0.388873 0.038219 0.096843
0 0.912950 0.616495 0.062153 0.268399
0 0.547682 0.392082 0.047978 0.127501
0 0.316442 0.414566 0.051379 0.118636
0 0.351883 0.320457 0.046827 0.105192
0 0.629011 0.585112 0.050794 0.178767
0 0.069429 0.539991 0.043893 0.115875
0 0.552879 0.269397 0.041185 0.134204
0 0.383329 0.465873 0.040685 0.168535
0 0.189644 0.960743 0.080205 0.078514
0 0.173507 0.919050 0.095839 0.158291
0 0.825826 0.735282 0.116628 0.136392
0 0.572426 0.434680 0.068866 0.119265
0 0.582208 0.280564 0.039454 0.098116
0 0.061182 0.516696 0.059842 0.169400
0 0.129285 0.564199 0.054485 0.111604
0 0.454280 0.358013 0.062458 0.097283
