0 0.644420 0.594935 0.105075 0.216384
0 0.791459 0.490473 0.088218 0.162170
0 0.434603 0.330851 0.041005 0.085112
0 0.597641 0.288451 0.041578 0.118121
0 0.884458 0.416592 0.056373 0.238527
0 0.425267 0.506676 0.070114 0.175496
0 0.844678 0.397600 0.060349 0.230836
0 0.705513 0.532172 0.052313 0.159294
0 0.384378 0.482360 0.041614 0.157577
0 0.182555 0.892358 0.074058 0.201038
0 0.479598 0.355366 0.031457 0.071099
0 0.308896 0.415609 0.044307 0.136657
0 0.595086 0.447524 0.060142 0.174155
0 0.547465 0.396165 0.043704 0.141149
0 0.885759 0.607961 0.079706 0.238950
0 0.051603 0.521548 0.059841 0.165430
0 0.539039 0.268783 0.031825 0.119926
0 0.226835 0.946652 0.081718 0.103933
0 0.065361 0.542371 0.040161 0.115280
0 0.125020 0.592168 0.048440 0.166624
0 0.574459 0.270547 0.023107 0.077600
