0 0.723289 0.543361 0.063629 0.157815
0 0.787567 0.492463 0.091034 0.156818
0 0.541441 0.398422 0.039535 0.121819
0 0.907820 0.618221 0.073379 0.244782
0 0.468469 0.365611 0.035874 0.082977
0 0.314163 0.413724 0.046407 0.122547
0 0.073261 0.538618 0.049102 0.117464
0 0.502323 0.386961 0.035923 0.097000
0 0.190689 0.962922 0.078122 0.074156
0 0.431424 0.332641 0.042301 0.085768
0 0.055874 0.493972 0.037606 0.122987
0 0.697800 0.452786 0.099810 0.322760
0 0.578180 0.503524 0.075441 0.262548
0 0.547561 0.274477 0.049249 0.140321
0 0.624127 0.600981 0.082014 0.201575
0 0.604540 0.304731 0.046599 0.135213
0 0.383736 0.478283 0.064491 0.170596
0 0.580016 0.444109 0.067791 0.145225
