0 0.418430 0.502767 0.071689 0.172123
0 0.346215 0.325390 0.046265 0.104511
0 0.785965 0.490736 0.090122 0.176046
0 0.908118 0.612695 0.074624 0.261882
0 0.634758 0.585727 0.075663 0.211001
0 0.693879 0.547509 0.069621 0.180423
0 0.617219 0.288631 0.045592 0.110410
0 0.469838 0.351285 0.034979 0.096165
0 0.314643 0.415638 0.048207 0.114509
0 0.498756 0.380084 0.046169 0.110110
0 0.580543 0.279377 0.036845 0.105512
0 0.066670 0.538107 0.041368 0.119672
0 0.184821 0.960069 0.087752 0.079862
0 0.372362 0.467327 0.044199 0.144025
0 0.551632 0.389741 0.055668 0.116639
0 0.843654 0.757915 0.084487 0.209085
0 0.175650 0.917872 0.091056 0.159733
0 0.546931 0.272628 0.047826 0.132308
0 0.130169 0.554589 0.054149 0.112066
0 0.570229 0.444985 0.065507 0.097566
0 0.427286 0.344628 0.040419 0.067082
0 0.058026 0.514842 0.051447 0.169596
0 0.051065 0.492603 0.033166 0.122610
