0 0.710291 0.544023 0.058567 0.165685
0 0.464906 0.362799 0.030779 0.094524
0 0.789719 0.491517 0.091259 0.161318
0 0.613171 0.290531 0.044275 0.112497
0 0.069575 0.538118 0.045569 0.125102
0 0.503845 0.382620 0.037532 0.091916
0 0.834003 0.437861 0.063429 0.131611
0 0.429241 0.328520 0.043351 0.099140
0 0.352753 0.320543 0.046381 0.093054
0 0.532563 0.395963 0.053184 0.138846
0 0.816564 0.814370 0.114860 0.355596
0 0.130492 0.557363 0.052483 0.101638
0 0.546729 0.279568 0.045464 0.156795
0 0.576284 0.276455 0.036019 0.104257
0 0.590346 0.422575 0.060483 0.151700
0 0.065448 0.425675 0.038775 0.161116
0 0.292392 0.355173 0.032464 0.082318
0 0.422098 0.516729 0.078199 0.183174
0 0.312020 0.410690 0.068404 0.184410
0 0.162688 0.875613 0.082012 0.161404
