0 0.780158 0.432045 0.065214 0.207584
0 0.472190 0.353812 0.045763 0.085241
0 0.591174 0.445559 0.068851 0.177473
0 0.640392 0.597681 0.091478 0.207757
0 0.893334 0.420744 0.053492 0.251374
0 0.535579 0.407483 0.054338 0.113788
0 0.305868 0.419818 0.038527 0.131258
0 0.432152 0.514506 0.073480 0.189261
0 0.852455 0.404103 0.040837 0.232371
0 0.435712 0.327687 0.048532 0.076329
0 0.382405 0.481658 0.043739 0.159766
0 0.820877 0.822238 0.122718 0.350898
0 0.890239 0.637003 0.081357 0.272649
0 0.159502 0.887895 0.081513 0.180431
0 0.571918 0.276324 0.032582 0.099245
0 0.609898 0.323687 0.061608 0.158096
0 0.540966 0.266836 0.029057 0.122751
0 0.055156 0.544834 0.052921 0.117773
0 0.209784 0.938935 0.086516 0.122129
0 0.134928 0.602514 0.075174 0.171739
