0 0.706659 0.541027 0.062051 0.179600
0 0.472266 0.356544 0.045407 0.096487
0 0.618963 0.602145 0.081105 0.218820
0 0.541674 0.401384 0.045877 0.129886
0 0.441926 0.514623 0.069635 0.198056
0 0.777309 0.500605 0.072188 0.159193
0 0.912736 0.612746 0.074066 0.273820
0 0.501770 0.388467 0.038923 0.096459
0 0.438094 0.323958 0.044506 0.089946
0 0.311727 0.418352 0.044735 0.128196
0 0.376925 0.477861 0.041141 0.158663
0 0.143419 0.591944 0.076330 0.176980
0 0.687086 0.456675 0.056707 0.322475
0 0.167827 0.906648 0.098589 0.169730
0 0.592590 0.476936 0.066112 0.265505
0 0.169546 0.951419 0.051007 0.097163
0 0.068924 0.538776 0.040131 0.117763
0 0.548876 0.276274 0.050754 0.150539
0 0.829214 0.825474 0.125434 0.333814
0 0.059186 0.516309 0.051447 0.166451
0 0.054796 0.490099 0.037787 0.113135
