0 0.779795 0.487672 0.073509 0.164501
0 0.632268 0.595381 0.080391 0.209067
0 0.434730 0.330189 0.043780 0.075670
0 0.715376 0.539738 0.069918 0.167723
0 0.597957 0.288437 0.043608 0.117517
0 0.883126 0.426145 0.046278 0.236741
0 0.398368 0.494199 0.069171 0.189274
0 0.307310 0.415351 0.039072 0.134728
0 0.541570 0.394492 0.052779 0.131339
0 0.829858 0.398898 0.041802 0.222988
0 0.039646 0.517915 0.036883 0.155097
0 0.154247 0.871998 0.075691 0.207084
0 0.480765 0.358091 0.035762 0.067694
0 0.113492 0.604471 0.060268 0.161163
0 0.550678 0.258795 0.029202 0.113739
0 0.593019 0.446279 0.063257 0.176835
0 0.220912 0.938046 0.090045 0.123908
0 0.072147 0.532596 0.048569 0.126993
0 0.883591 0.634554 0.071456 0.199078
