0 0.466948 0.364987 0.039838 0.087664
0 0.302047 0.416819 0.054549 0.128877
0 0.730499 0.537970 0.084444 0.163157
0 0.788786 0.489734 0.087254 0.140282
0 0.825834 0.755122 0.089593 0.207167
0 0.503564 0.388863 0.034012 0.093180
0 0.653739 0.500292 0.062449 0.259385
0 0.544836 0.397416 0.039627 0.121340
0 0.884689 0.631130 0.082088 0.260894
0 0.069939 0.538959 0.042012 0.114333
0 0.429902 0.325974 0.041029 0.080344
0 0.431998 0.538423 0.078182 0.239863
0 0.123914 0.573542 0.053278 0.123662
0 0.598748 0.290662 0.039781 0.114550
0 0.576515 0.501235 0.079015 0.251576
0 0.573201 0.276393 0.030208 0.098941
0 0.198901 0.961303 0.075481 0.077395
0 0.055751 0.493075 0.037221 0.123305
0 0.164154 0.907665 0.081594 0.139184
0 0.578018 0.442353 0.070340 0.130715
0 0.620025 0.573915 0.080597 0.164108
0 0.547413 0.273345 0.048873 0.139791
