0 0.777180 0.485075 0.060667 0.131640
0 0.719864 0.550457 0.061572 0.154136
0 0.420312 0.502360 0.073834 0.174877
0 0.067063 0.542827 0.044055 0.114442
0 0.617292 0.285909 0.043678 0.113746
0 0.353986 0.320017 0.049583 0.100882
0 0.438477 0.331866 0.031935 0.093935
0 0.537763 0.391012 0.047654 0.111533
0 0.381170 0.474526 0.047677 0.162197
0 0.472646 0.365040 0.033699 0.086787
0 0.924394 0.597777 0.064303 0.245031
0 0.260565 0.334569 0.045122 0.204936
0 0.316714 0.424901 0.049844 0.146660
0 0.503690 0.387402 0.042053 0.099652
0 0.581183 0.278216 0.038101 0.101211
0 0.848956 0.698192 0.089660 0.245400
0 0.551861 0.278414 0.039036 0.150288
0 0.130968 0.561088 0.055333 0.108507
0 0.251045 0.525158 0.071036 0.191471
