0 0.648667 0.588638 0.076406 0.188201
0 0.764820 0.512726 0.060656 0.130981
0 0.711680 0.541074 0.062468 0.165555
0 0.300998 0.419203 0.045767 0.147166
0 0.598125 0.288368 0.042098 0.118138
0 0.240523 0.928057 0.136462 0.143886
0 0.434028 0.329455 0.037695 0.079217
0 0.469218 0.364586 0.032445 0.080333
0 0.167697 0.915135 0.089584 0.168473
0 0.550233 0.395586 0.050929 0.137259
0 0.883340 0.631834 0.110268 0.254432
0 0.523654 0.383524 0.038063 0.105111
0 0.592142 0.496156 0.066640 0.278597
0 0.122176 0.588072 0.054402 0.139110
0 0.835053 0.756857 0.079510 0.216686
0 0.063037 0.482169 0.034931 0.114363
0 0.416742 0.517798 0.081103 0.167576
0 0.065473 0.512994 0.047286 0.174537
0 0.376981 0.433503 0.034621 0.099562
0 0.574758 0.277282 0.027575 0.095649
0 0.544232 0.263829 0.031074 0.119217
