0 0.786193 0.490348 0.089116 0.178293
0 0.696437 0.541619 0.067758 0.171355
0 0.344302 0.324170 0.046048 0.102322
0 0.422851 0.505700 0.076501 0.178152
0 0.525870 0.398140 0.063072 0.117039
0 0.470985 0.352276 0.039126 0.093061
0 0.547303 0.278069 0.047681 0.143915
0 0.919694 0.606229 0.070651 0.263227
0 0.315565 0.413123 0.051188 0.124293
0 0.497747 0.379570 0.037399 0.075853
0 0.378102 0.478384 0.035430 0.161630
0 0.179523 0.924604 0.085577 0.150793
0 0.570102 0.437838 0.065539 0.111378
0 0.625104 0.290123 0.040238 0.094230
0 0.269371 0.461507 0.060526 0.319182
0 0.063971 0.515502 0.056922 0.167130
0 0.581795 0.281796 0.039666 0.108169
0 0.431799 0.339094 0.035079 0.080809
0 0.841870 0.763373 0.086090 0.209424
0 0.827515 0.824668 0.119161 0.332394
0 0.185108 0.961064 0.087521 0.077872
0 0.128850 0.565136 0.061664 0.114686
