0 0.788108 0.490991 0.091923 0.168851
0 0.597674 0.287619 0.041255 0.118625
0 0.543588 0.404209 0.039673 0.125750
0 0.657790 0.584012 0.093806 0.181019
0 0.715823 0.530023 0.062427 0.154364
0 0.433783 0.333262 0.036587 0.073084
0 0.436425 0.521581 0.076406 0.185193
0 0.308215 0.414615 0.041579 0.123821
0 0.884229 0.640051 0.084607 0.257086
0 0.504113 0.386178 0.033437 0.099031
0 0.465756 0.364392 0.031949 0.079235
0 0.063962 0.540816 0.053668 0.121980
0 0.586020 0.430727 0.056314 0.122177
0 0.835963 0.748662 0.085444 0.207753
0 0.560434 0.515062 0.101099 0.289684
0 0.383978 0.482895 0.044535 0.158451
0 0.122032 0.590374 0.056129 0.143618
0 0.068861 0.478778 0.039867 0.107803
0 0.388208 0.451322 0.037410 0.096196
