0 0.707764 0.547460 0.062523 0.158925
0 0.787592 0.491586 0.092364 0.166886
0 0.417605 0.503494 0.071307 0.170718
0 0.614637 0.284884 0.045047 0.113937
0 0.315211 0.412337 0.049252 0.121719
0 0.474618 0.355366 0.049779 0.101480
0 0.345721 0.325414 0.045432 0.103151
0 0.505325 0.387672 0.039045 0.100937
0 0.375841 0.464901 0.043084 0.138827
0 0.432041 0.331950 0.042647 0.076951
0 0.895851 0.637496 0.065681 0.271008
0 0.183634 0.959196 0.086088 0.081609
0 0.175112 0.912006 0.087183 0.162079
0 0.918175 0.492372 0.052369 0.150771
0 0.059330 0.516808 0.053417 0.169079
0 0.577872 0.276120 0.033610 0.099181
0 0.824370 0.824063 0.122620 0.336773
0 0.128158 0.563634 0.058179 0.106365
0 0.559521 0.381403 0.042049 0.107265
0 0.546064 0.259797 0.031306 0.115659
0 0.569195 0.445333 0.065603 0.097362
0 0.066692 0.539602 0.041417 0.114163
