0 0.620578 0.603035 0.092473 0.208229
0 0.541002 0.389335 0.047130 0.122555
0 0.316559 0.413683 0.051102 0.119895
0 0.775430 0.499741 0.119458 0.179219
0 0.070417 0.535196 0.044426 0.123849
0 0.378362 0.478034 0.042399 0.156651
0 0.350205 0.322358 0.047508 0.097343
0 0.473211 0.360299 0.042585 0.092820
0 0.431317 0.513170 0.080523 0.194357
0 0.143242 0.590125 0.076282 0.173870
0 0.506012 0.389903 0.030657 0.096142
0 0.829374 0.827785 0.125370 0.341242
0 0.621451 0.293173 0.041174 0.105231
0 0.549083 0.274982 0.051630 0.142050
0 0.424181 0.329364 0.037646 0.079705
0 0.570073 0.443693 0.066022 0.098227
0 0.916648 0.613016 0.067807 0.247804
0 0.055031 0.494865 0.037358 0.127648
0 0.293926 0.309407 0.025660 0.141642
0 0.581019 0.271662 0.036432 0.094533
