0 0.707262 0.547518 0.062080 0.158710
0 0.788186 0.490420 0.089496 0.167112
0 0.418255 0.503289 0.072448 0.173602
0 0.614443 0.285495 0.046231 0.116721
0 0.346873 0.324296 0.048735 0.101323
0 0.474570 0.354868 0.049900 0.102216
0 0.916254 0.497786 0.048142 0.154911
0 0.315384 0.413053 0.049926 0.123125
0 0.505778 0.387287 0.038456 0.100745
0 0.576814 0.274734 0.036414 0.101669
0 0.059252 0.516546 0.054841 0.169314
0 0.433846 0.332594 0.039955 0.074178
0 0.176146 0.956896 0.094355 0.086208
0 0.173737 0.913571 0.091590 0.164576
0 0.372467 0.473105 0.042166 0.158960
0 0.549607 0.268974 0.038650 0.134728
0 0.128456 0.562341 0.057640 0.107973
0 0.560901 0.386621 0.035203 0.089763
0 0.823069 0.740774 0.114610 0.151625
0 0.570127 0.446056 0.066705 0.098000
0 0.860490 0.637435 0.114617 0.255224
