0 0.472712 0.355078 0.044680 0.084562
0 0.385351 0.479614 0.045193 0.159256
0 0.591426 0.445570 0.068577 0.178054
0 0.640526 0.600807 0.092854 0.201552
0 0.433807 0.328486 0.037955 0.082139
0 0.893000 0.418790 0.052866 0.248326
0 0.429368 0.514579 0.078495 0.193887
0 0.740939 0.516981 0.054790 0.178557
0 0.305962 0.417357 0.038681 0.137030
0 0.535728 0.407408 0.054606 0.115379
0 0.852394 0.403082 0.042953 0.228162
0 0.217652 0.936103 0.102496 0.127795
0 0.819931 0.818480 0.121958 0.334213
0 0.598293 0.292232 0.039976 0.114420
0 0.886055 0.653690 0.068492 0.260157
0 0.774714 0.482039 0.041522 0.142234
0 0.122636 0.592485 0.046775 0.161024
0 0.539767 0.264931 0.025615 0.116445
0 0.052683 0.520701 0.056039 0.167910
0 0.152910 0.891478 0.086223 0.206901
0 0.570334 0.275267 0.030269 0.089822
