0 0.466164 0.364969 0.039692 0.084156
0 0.301982 0.417865 0.054498 0.129627
0 0.599102 0.289231 0.041258 0.113682
0 0.788603 0.489073 0.087919 0.140376
0 0.826820 0.752841 0.087489 0.198351
0 0.730944 0.539311 0.085066 0.162457
0 0.503669 0.387408 0.032632 0.095759
0 0.544286 0.399523 0.040702 0.117235
0 0.189772 0.963084 0.077178 0.073832
0 0.381895 0.453431 0.046298 0.139611
0 0.123334 0.581017 0.053099 0.138641
0 0.429468 0.326680 0.039999 0.079107
0 0.886822 0.630386 0.080302 0.261220
0 0.069568 0.539552 0.040655 0.113469
0 0.432846 0.537234 0.078036 0.236000
0 0.573266 0.275367 0.032442 0.101486
0 0.690444 0.438171 0.113157 0.215904
0 0.163471 0.909395 0.082580 0.139406
0 0.060321 0.514520 0.051187 0.166018
0 0.576810 0.502608 0.078692 0.249681
0 0.612263 0.600014 0.079260 0.219120
0 0.577884 0.440870 0.069733 0.127028
0 0.539827 0.263793 0.031883 0.124598
