0 0.787665 0.491116 0.093084 0.179282
0 0.632146 0.602014 0.098926 0.212089
0 0.473919 0.359717 0.041770 0.092161
0 0.345184 0.327123 0.046427 0.106258
0 0.698258 0.554596 0.067463 0.181729
0 0.526338 0.394374 0.062363 0.119896
0 0.499160 0.379731 0.038351 0.085767
0 0.423042 0.504590 0.070862 0.180370
0 0.315862 0.413933 0.051416 0.120379
0 0.921358 0.597762 0.063792 0.260334
0 0.380672 0.475486 0.044624 0.160851
0 0.066412 0.534258 0.045251 0.127913
0 0.569613 0.436308 0.065099 0.114688
0 0.427494 0.328968 0.033316 0.083186
0 0.575675 0.274129 0.030752 0.093775
0 0.546711 0.276208 0.047274 0.141165
0 0.150924 0.856480 0.075898 0.176262
0 0.054440 0.486009 0.035000 0.106092
0 0.129748 0.564692 0.064235 0.112650
0 0.840636 0.762776 0.089010 0.209235
0 0.827490 0.824676 0.119728 0.335297
0 0.608303 0.292109 0.044344 0.111499
