0 0.786423 0.491878 0.089866 0.177759
0 0.696419 0.541753 0.068035 0.171647
0 0.346798 0.323389 0.045121 0.102370
0 0.419552 0.502653 0.073059 0.173579
0 0.525664 0.398741 0.061997 0.117750
0 0.919617 0.603784 0.069355 0.258535
0 0.315653 0.414092 0.048723 0.125804
0 0.067424 0.534195 0.045837 0.129390
0 0.377489 0.479147 0.039572 0.155703
0 0.546889 0.277460 0.047564 0.142617
0 0.495962 0.379211 0.041989 0.078227
0 0.180966 0.924833 0.083938 0.150334
0 0.571245 0.436851 0.066229 0.113734
0 0.471535 0.352628 0.034476 0.082351
0 0.624859 0.291632 0.040080 0.096973
0 0.275053 0.377536 0.053210 0.273590
0 0.431798 0.340387 0.037285 0.083367
0 0.053034 0.488419 0.031682 0.112636
0 0.582463 0.285882 0.041079 0.116299
0 0.842594 0.754943 0.081539 0.202276
0 0.826907 0.825257 0.119830 0.344508
0 0.187739 0.960223 0.087174 0.079555
