0 0.706988 0.547310 0.061970 0.158994
0 0.787550 0.490047 0.088004 0.166372
0 0.473954 0.354558 0.047857 0.100493
0 0.345124 0.324024 0.049658 0.106451
0 0.418383 0.503641 0.072788 0.173491
0 0.614458 0.284600 0.045703 0.115893
0 0.059956 0.515422 0.059054 0.170567
0 0.505072 0.386981 0.038741 0.100888
0 0.315401 0.411900 0.049966 0.123357
0 0.916536 0.499197 0.048588 0.149161
0 0.433830 0.333627 0.040335 0.075596
0 0.173540 0.913167 0.092014 0.164653
0 0.176451 0.956508 0.093573 0.086985
0 0.562072 0.386748 0.032685 0.085794
0 0.376192 0.477487 0.042540 0.152064
0 0.547959 0.270965 0.035712 0.138475
0 0.858780 0.635414 0.098818 0.229998
0 0.128254 0.563344 0.057860 0.108768
0 0.575292 0.282088 0.036580 0.110298
0 0.820735 0.737553 0.110531 0.148123
0 0.569833 0.445197 0.067064 0.097361
