0 0.780009 0.493141 0.072155 0.156796
0 0.632612 0.595105 0.081444 0.209835
0 0.715308 0.540283 0.069648 0.169584
0 0.597607 0.287999 0.044346 0.118294
0 0.307715 0.413348 0.039944 0.138821
0 0.434591 0.330498 0.044084 0.076843
0 0.398831 0.494561 0.068478 0.191392
0 0.830310 0.398654 0.044686 0.225838
0 0.541511 0.394845 0.051148 0.129475
0 0.156185 0.871640 0.082488 0.200834
0 0.112947 0.603002 0.062286 0.159784
0 0.551490 0.258455 0.029498 0.113656
0 0.592632 0.446284 0.063304 0.176537
0 0.051003 0.521002 0.057967 0.164169
0 0.873658 0.408157 0.045994 0.226642
0 0.880459 0.638400 0.076902 0.249411
0 0.480446 0.357670 0.030529 0.069270
0 0.065451 0.542742 0.043994 0.115190
0 0.219017 0.938374 0.096198 0.123252
