0 0.631317 0.594463 0.089533 0.216080
0 0.435411 0.326412 0.039585 0.086925
0 0.473428 0.354637 0.045654 0.084853
0 0.307933 0.406718 0.044220 0.145095
0 0.893216 0.425119 0.052458 0.251573
0 0.851031 0.404459 0.047456 0.229384
0 0.535554 0.407150 0.054534 0.113578
0 0.420414 0.505261 0.072664 0.173254
0 0.223636 0.932257 0.123256 0.135487
0 0.376572 0.477600 0.044747 0.161518
0 0.882522 0.652744 0.088499 0.251866
0 0.162606 0.919533 0.084607 0.152548
0 0.590862 0.439546 0.067907 0.162457
0 0.798565 0.819526 0.140295 0.348047
0 0.576754 0.275363 0.028875 0.094487
0 0.609669 0.320850 0.060380 0.156879
0 0.120277 0.594715 0.047054 0.160701
0 0.053441 0.520451 0.057178 0.162686
0 0.601651 0.294654 0.043513 0.100775
0 0.539843 0.269167 0.029873 0.129403
