0 0.781789 0.488443 0.069582 0.158526
0 0.436117 0.332388 0.040016 0.095043
0 0.597634 0.289035 0.043758 0.117483
0 0.623048 0.604573 0.082737 0.206618
0 0.071982 0.528539 0.053888 0.133600
0 0.719225 0.541235 0.055111 0.159702
0 0.134028 0.644806 0.066580 0.226837
0 0.552503 0.398302 0.042563 0.131411
0 0.308076 0.415162 0.036771 0.130067
0 0.589938 0.435827 0.064577 0.154658
0 0.393298 0.515644 0.081117 0.314749
0 0.039540 0.513593 0.035823 0.147261
0 0.229694 0.935292 0.087170 0.129417
0 0.549220 0.261020 0.034627 0.126195
0 0.492904 0.384090 0.053830 0.106103
0 0.156369 0.902392 0.090342 0.193591
0 0.904319 0.471035 0.042688 0.180600
0 0.943390 0.568187 0.053823 0.258552
0 0.468450 0.351444 0.024766 0.066227
