0 0.754972 0.497172 0.075388 0.196981
0 0.540432 0.391658 0.047080 0.113696
0 0.381057 0.479347 0.047309 0.154815
0 0.350465 0.324428 0.048796 0.100575
0 0.632176 0.605683 0.096925 0.197693
0 0.430597 0.513955 0.082009 0.195317
0 0.621902 0.294675 0.040614 0.108879
0 0.919777 0.606646 0.069990 0.271084
0 0.468540 0.358120 0.034849 0.089505
0 0.070674 0.536653 0.045902 0.121860
0 0.318277 0.415825 0.041562 0.114025
0 0.420397 0.326562 0.035549 0.076605
0 0.827621 0.829112 0.123887 0.341775
0 0.571046 0.439433 0.065858 0.107597
0 0.055212 0.493960 0.036985 0.125719
0 0.138417 0.590781 0.081922 0.173491
0 0.191921 0.963438 0.078530 0.073124
0 0.548711 0.275800 0.052089 0.141995
0 0.284922 0.323604 0.021613 0.147656
0 0.580924 0.272300 0.035683 0.089164
0 0.491810 0.394174 0.038943 0.080614
