0 0.704400 0.540054 0.058997 0.167344
0 0.870852 0.416299 0.064187 0.240851
0 0.767511 0.488964 0.053294 0.160063
0 0.596461 0.288285 0.042649 0.119578
0 0.384982 0.480341 0.044225 0.158224
0 0.634729 0.591979 0.088323 0.214827
0 0.552684 0.404433 0.048634 0.121341
0 0.834179 0.402202 0.051593 0.236667
0 0.182205 0.881113 0.074951 0.179393
0 0.429409 0.515704 0.079580 0.191630
0 0.436743 0.329610 0.042660 0.086322
0 0.306101 0.420211 0.038365 0.138027
0 0.882088 0.633258 0.094193 0.256236
0 0.479746 0.352534 0.030573 0.079942
0 0.594682 0.446499 0.061260 0.175831
0 0.057223 0.543309 0.055791 0.120081
0 0.827328 0.818490 0.109910 0.339851
0 0.540843 0.268856 0.030946 0.125265
0 0.120018 0.604019 0.052831 0.165237
0 0.220694 0.951132 0.083555 0.097737
