0 0.708371 0.546136 0.062962 0.159112
0 0.787648 0.491447 0.092866 0.166849
0 0.418489 0.503275 0.072262 0.172464
0 0.477695 0.355473 0.043420 0.102695
0 0.614190 0.285349 0.045805 0.114035
0 0.901848 0.621976 0.080583 0.285583
0 0.071624 0.532168 0.043438 0.130477
0 0.350363 0.322604 0.048337 0.098667
0 0.506084 0.387373 0.038856 0.100604
0 0.316161 0.413560 0.050172 0.122044
0 0.378298 0.469968 0.044011 0.146975
0 0.579400 0.277228 0.034195 0.101000
0 0.432478 0.337310 0.046231 0.090128
0 0.187530 0.960630 0.084699 0.078739
0 0.174964 0.913608 0.087844 0.163194
0 0.575462 0.392420 0.050636 0.098123
0 0.909088 0.494891 0.040503 0.128460
0 0.550319 0.273942 0.039816 0.141941
0 0.824553 0.823112 0.121581 0.333332
0 0.047160 0.517656 0.031916 0.165702
0 0.570090 0.445326 0.068530 0.097588
