0 0.614620 0.609580 0.078052 0.206254
0 0.780831 0.490078 0.070533 0.157870
0 0.720065 0.542292 0.056000 0.156401
0 0.072093 0.527211 0.051752 0.136592
0 0.134486 0.647271 0.068246 0.221001
0 0.306046 0.416466 0.035376 0.128503
0 0.039325 0.519150 0.036836 0.157162
0 0.393494 0.465733 0.073983 0.277587
0 0.256383 0.924076 0.087777 0.151847
0 0.585137 0.275349 0.032607 0.097293
0 0.168116 0.898922 0.087425 0.198592
0 0.572669 0.440366 0.068490 0.120946
0 0.873040 0.645132 0.086484 0.277977
0 0.440854 0.323543 0.042106 0.078181
0 0.550208 0.258902 0.037082 0.119391
0 0.614453 0.291051 0.046151 0.120743
0 0.539792 0.395866 0.037809 0.110166
0 0.476392 0.355548 0.030501 0.065718
