0 0.785429 0.490149 0.089879 0.172837
0 0.419268 0.503693 0.072209 0.172078
0 0.693162 0.550688 0.067739 0.178226
0 0.501865 0.388413 0.041045 0.099822
0 0.473961 0.356572 0.039527 0.092170
0 0.894135 0.638718 0.061596 0.263075
0 0.349683 0.322578 0.048700 0.102017
0 0.621351 0.293020 0.040314 0.114872
0 0.639526 0.587485 0.094652 0.223721
0 0.314855 0.415257 0.049496 0.115595
0 0.582056 0.283092 0.040502 0.112319
0 0.185801 0.959512 0.086502 0.080976
0 0.546559 0.274903 0.047497 0.136630
0 0.174920 0.906645 0.090312 0.179689
0 0.375361 0.467255 0.043997 0.140573
0 0.571868 0.382453 0.037702 0.104574
0 0.059668 0.517485 0.056117 0.167072
0 0.068816 0.537536 0.043190 0.118973
0 0.572034 0.448556 0.061012 0.089257
0 0.426955 0.344540 0.041146 0.067599
0 0.129381 0.556437 0.052241 0.112181
0 0.840029 0.755610 0.071178 0.209391
0 0.824824 0.818167 0.110805 0.334730
