0 0.786987 0.493201 0.093585 0.168986
0 0.657648 0.585464 0.092448 0.181720
0 0.542677 0.404154 0.038433 0.124002
0 0.598011 0.288007 0.041283 0.119153
0 0.711766 0.530775 0.060310 0.150691
0 0.437330 0.522835 0.076565 0.183524
0 0.433996 0.333077 0.036401 0.073664
0 0.827789 0.753132 0.086192 0.212196
0 0.063568 0.539658 0.053402 0.125491
0 0.502946 0.386020 0.035311 0.100221
0 0.466771 0.364029 0.032260 0.079308
0 0.306450 0.418957 0.043728 0.143335
0 0.586341 0.430261 0.056709 0.122732
0 0.889950 0.654726 0.079739 0.241199
0 0.560889 0.515110 0.099623 0.291066
0 0.382523 0.481370 0.045991 0.160875
0 0.121864 0.590433 0.056441 0.142840
0 0.068800 0.479582 0.037808 0.109573
