0 0.619655 0.600680 0.086359 0.212199
0 0.345772 0.324752 0.046302 0.106982
0 0.714311 0.545514 0.072442 0.163273
0 0.778599 0.492187 0.109675 0.172825
0 0.069481 0.537005 0.041854 0.121882
0 0.316120 0.414682 0.053137 0.118548
0 0.426657 0.506468 0.073573 0.185855
0 0.378012 0.478045 0.041723 0.159058
0 0.474363 0.360290 0.038282 0.090960
0 0.504014 0.385500 0.036125 0.096612
0 0.621795 0.293522 0.040317 0.107426
0 0.542110 0.392606 0.048149 0.112722
0 0.858972 0.646408 0.106008 0.199962
0 0.845698 0.762248 0.082450 0.210771
0 0.548112 0.276238 0.049860 0.141643
0 0.422106 0.329873 0.041262 0.081728
0 0.570314 0.437773 0.066281 0.111522
0 0.142011 0.613956 0.088486 0.228238
0 0.580672 0.279897 0.036757 0.110292
0 0.052761 0.515833 0.038365 0.168374
