0 0.732727 0.541915 0.086405 0.161224
0 0.466979 0.363132 0.038785 0.091204
0 0.789937 0.486444 0.089844 0.150121
0 0.773803 0.397901 0.072457 0.181461
0 0.542293 0.398755 0.036030 0.116581
0 0.301356 0.417325 0.054072 0.128500
0 0.069339 0.538731 0.041413 0.117682
0 0.911331 0.607264 0.080431 0.262533
0 0.191517 0.963301 0.079221 0.073398
0 0.433055 0.332198 0.035771 0.091718
0 0.666030 0.576257 0.069885 0.147142
0 0.396365 0.479194 0.050756 0.159594
0 0.455519 0.522131 0.101127 0.200820
0 0.503916 0.387704 0.033695 0.097433
0 0.824904 0.753506 0.086827 0.215003
0 0.576574 0.504257 0.078999 0.259727
0 0.123679 0.574586 0.053069 0.119641
0 0.162321 0.904433 0.081369 0.132824
0 0.061164 0.482881 0.043903 0.129904
0 0.552319 0.277057 0.030954 0.130148
0 0.578809 0.447843 0.070495 0.143996
0 0.601274 0.306965 0.040226 0.091484
