0 0.790624 0.491720 0.087860 0.163875
0 0.640030 0.592081 0.096549 0.214622
0 0.597173 0.288533 0.040766 0.118438
0 0.435325 0.330014 0.040780 0.087586
0 0.425295 0.506805 0.072286 0.182589
0 0.883518 0.416251 0.059675 0.237232
0 0.479199 0.354268 0.032104 0.073131
0 0.842202 0.400535 0.065757 0.227528
0 0.704490 0.534062 0.051437 0.162705
0 0.594367 0.448358 0.062195 0.172007
0 0.182853 0.884393 0.075256 0.186586
0 0.384078 0.479551 0.039605 0.160854
0 0.307442 0.416870 0.043596 0.138043
0 0.888307 0.617344 0.081208 0.250764
0 0.050535 0.520708 0.058149 0.166422
0 0.561717 0.403060 0.045242 0.129451
0 0.225542 0.947884 0.080367 0.103247
0 0.121760 0.613073 0.059740 0.208919
0 0.544307 0.264486 0.037690 0.132065
0 0.064604 0.540417 0.038867 0.115972
