0 0.347177 0.323165 0.045596 0.104237
0 0.538714 0.392420 0.046549 0.116406
0 0.473500 0.360386 0.042594 0.093611
0 0.775601 0.499967 0.119841 0.182365
0 0.069661 0.535576 0.044271 0.122434
0 0.379044 0.478703 0.044486 0.158610
0 0.630362 0.606052 0.092637 0.199869
0 0.620374 0.293153 0.042992 0.111405
0 0.431147 0.513801 0.080822 0.195574
0 0.150164 0.595549 0.066816 0.166095
0 0.505926 0.389690 0.029172 0.094550
0 0.828090 0.828425 0.122854 0.339949
0 0.917135 0.603690 0.064902 0.260466
0 0.317293 0.413297 0.045953 0.117489
0 0.422254 0.330410 0.042074 0.082319
0 0.549163 0.274487 0.052002 0.140155
0 0.570029 0.437007 0.067116 0.112626
0 0.054775 0.493830 0.036304 0.125360
0 0.291777 0.317402 0.027392 0.162087
0 0.190285 0.963628 0.078504 0.072743
