0 0.706794 0.544519 0.057306 0.164003
0 0.790791 0.493272 0.083609 0.149766
0 0.472553 0.354992 0.044228 0.083503
0 0.534580 0.398185 0.057745 0.125644
0 0.591392 0.448177 0.068756 0.174925
0 0.638371 0.597627 0.095627 0.210456
0 0.597351 0.290498 0.040653 0.113609
0 0.384946 0.480098 0.045075 0.158056
0 0.180562 0.893739 0.075398 0.182741
0 0.430842 0.516247 0.079714 0.193189
0 0.311922 0.409885 0.043097 0.127210
0 0.440346 0.327760 0.040180 0.080076
0 0.894222 0.422300 0.052298 0.257003
0 0.848926 0.400031 0.039426 0.229264
0 0.878565 0.636125 0.076177 0.269098
0 0.539885 0.267785 0.028120 0.124318
0 0.122068 0.590887 0.050778 0.161846
0 0.821305 0.821285 0.121437 0.315490
0 0.218903 0.948379 0.097157 0.103243
0 0.054124 0.520370 0.059141 0.166916
0 0.567957 0.269363 0.031012 0.081288
