0 0.780649 0.487806 0.072294 0.164359
0 0.618355 0.606623 0.081184 0.204856
0 0.716277 0.541480 0.066708 0.161977
0 0.598116 0.288381 0.043938 0.121396
0 0.479126 0.352420 0.034505 0.075634
0 0.308335 0.416106 0.037074 0.131800
0 0.540708 0.402892 0.052966 0.122330
0 0.589747 0.436673 0.063827 0.156141
0 0.889399 0.629664 0.077111 0.280932
0 0.071989 0.526312 0.053341 0.134683
0 0.133476 0.637766 0.069287 0.249023
0 0.389181 0.488384 0.052648 0.176016
0 0.230162 0.929541 0.086472 0.140918
0 0.436148 0.317988 0.041009 0.071567
0 0.040914 0.513202 0.038063 0.146131
0 0.436889 0.516505 0.079870 0.370561
0 0.159555 0.854491 0.081314 0.199706
0 0.549286 0.258778 0.027678 0.118108
