0 0.780034 0.488984 0.072818 0.165765
0 0.706653 0.541398 0.050099 0.162626
0 0.435590 0.331895 0.038986 0.098427
0 0.121859 0.622932 0.060905 0.203971
0 0.598177 0.289109 0.044409 0.121114
0 0.590327 0.444899 0.063971 0.171862
0 0.622490 0.608606 0.083049 0.202501
0 0.548256 0.392313 0.047388 0.134083
0 0.210841 0.929886 0.116270 0.140229
0 0.398581 0.495061 0.068424 0.192795
0 0.309615 0.415864 0.042266 0.139459
0 0.049310 0.521827 0.056637 0.165113
0 0.888313 0.636348 0.072448 0.271687
0 0.149126 0.846250 0.080624 0.180053
0 0.480676 0.358169 0.035187 0.068042
0 0.552689 0.259035 0.030098 0.116170
0 0.489895 0.496673 0.071869 0.227601
0 0.772403 0.852003 0.099715 0.295994
