0 0.704842 0.539661 0.058915 0.169328
0 0.776801 0.505009 0.064969 0.138046
0 0.634273 0.594675 0.089963 0.215774
0 0.386578 0.480708 0.051612 0.159641
0 0.439845 0.519292 0.077953 0.197864
0 0.182930 0.879926 0.074030 0.177841
0 0.879735 0.412532 0.062443 0.234665
0 0.551755 0.404967 0.049366 0.122566
0 0.878730 0.628758 0.087697 0.261841
0 0.306321 0.418841 0.041219 0.143471
0 0.434330 0.330761 0.040446 0.082312
0 0.844724 0.397356 0.048381 0.237615
0 0.601624 0.289671 0.039670 0.115874
0 0.594478 0.446394 0.061076 0.173317
0 0.577608 0.270263 0.030525 0.085860
0 0.478068 0.360080 0.031961 0.062602
0 0.540146 0.268725 0.030007 0.124986
0 0.056322 0.546134 0.048013 0.116607
0 0.118840 0.611042 0.054297 0.179736
0 0.221253 0.948156 0.085499 0.103687
0 0.480469 0.414462 0.032561 0.083655
