0 0.780969 0.488090 0.071031 0.160482
0 0.615311 0.609887 0.079016 0.202942
0 0.306164 0.416281 0.034458 0.128865
0 0.133903 0.646445 0.067365 0.221345
0 0.715321 0.543807 0.052359 0.157519
0 0.903728 0.503121 0.049365 0.124817
0 0.261520 0.926921 0.079837 0.145082
0 0.590282 0.437540 0.063806 0.155779
0 0.546156 0.403713 0.048102 0.126101
0 0.072684 0.526701 0.053797 0.136423
0 0.039481 0.519118 0.036504 0.157713
0 0.612518 0.290213 0.047369 0.111442
0 0.437406 0.332358 0.043721 0.064093
0 0.579970 0.270039 0.030918 0.086183
0 0.547741 0.259418 0.033103 0.119982
0 0.392441 0.513574 0.083098 0.318765
0 0.164809 0.890797 0.087532 0.197926
0 0.939435 0.574030 0.063833 0.253462
