0 0.781042 0.490319 0.069925 0.157092
0 0.614868 0.610260 0.077639 0.201387
0 0.306215 0.416920 0.034685 0.128672
0 0.437194 0.327240 0.041965 0.076885
0 0.717158 0.543254 0.057918 0.165450
0 0.134187 0.647285 0.067976 0.222341
0 0.590367 0.438644 0.063807 0.157155
0 0.072562 0.527017 0.052957 0.136514
0 0.545904 0.403964 0.048095 0.125978
0 0.039739 0.518975 0.037231 0.156950
0 0.617274 0.290265 0.044578 0.108174
0 0.902963 0.502791 0.048149 0.126746
0 0.255852 0.929584 0.090749 0.138415
0 0.167069 0.894434 0.090030 0.204221
0 0.548192 0.259916 0.034023 0.120787
0 0.391910 0.513648 0.083281 0.318237
0 0.939528 0.574482 0.063360 0.253529
0 0.584037 0.273833 0.035516 0.093747
0 0.472893 0.353220 0.030710 0.067843
