0 0.705151 0.542477 0.057293 0.171057
0 0.772468 0.499250 0.054161 0.135412
0 0.434946 0.329177 0.039412 0.084033
0 0.635161 0.591594 0.090536 0.210966
0 0.387759 0.481003 0.049423 0.158638
0 0.439067 0.519314 0.077093 0.198056
0 0.597616 0.288538 0.041145 0.116762
0 0.879966 0.411150 0.060380 0.231548
0 0.183080 0.879883 0.073879 0.179557
0 0.844005 0.399175 0.049839 0.231483
0 0.306906 0.417037 0.041429 0.140452
0 0.549731 0.404459 0.049086 0.121123
0 0.118945 0.622462 0.058822 0.205405
0 0.880247 0.630691 0.084325 0.263607
0 0.595011 0.447474 0.060772 0.174515
0 0.476791 0.360958 0.034059 0.064924
0 0.824311 0.825148 0.127554 0.333150
0 0.546395 0.268782 0.039173 0.126485
0 0.222018 0.947303 0.085268 0.105394
0 0.056621 0.546054 0.049457 0.116341
