0 0.781773 0.492868 0.070308 0.155319
0 0.615663 0.610411 0.099024 0.200977
0 0.716469 0.539264 0.051834 0.161050
0 0.134017 0.646228 0.067365 0.223242
0 0.308692 0.412392 0.038400 0.132545
0 0.071984 0.526592 0.053170 0.136580
0 0.590286 0.438137 0.064337 0.159364
0 0.547212 0.405635 0.046727 0.121429
0 0.599790 0.289743 0.041020 0.119207
0 0.903001 0.500337 0.049811 0.126787
0 0.257190 0.925949 0.095340 0.148103
0 0.039942 0.518115 0.037711 0.156268
0 0.434978 0.328406 0.039708 0.090140
0 0.392842 0.514355 0.081787 0.316373
0 0.578014 0.268303 0.030268 0.080165
0 0.548768 0.258998 0.031650 0.119201
0 0.167651 0.911749 0.089871 0.175906
0 0.493635 0.383594 0.054584 0.105633
0 0.467454 0.352459 0.028402 0.069346
0 0.932314 0.607618 0.083787 0.330655
