0 0.781662 0.488602 0.069612 0.162838
0 0.597445 0.289566 0.042896 0.116391
0 0.623520 0.605983 0.083135 0.204076
0 0.547229 0.405439 0.046879 0.120523
0 0.719257 0.542379 0.054955 0.156375
0 0.134120 0.645873 0.067735 0.224943
0 0.308045 0.413776 0.036925 0.131796
0 0.273560 0.928084 0.084829 0.143832
0 0.432652 0.328229 0.041366 0.090274
0 0.590120 0.439118 0.063906 0.159011
0 0.904645 0.500493 0.049374 0.124671
0 0.072161 0.527281 0.053988 0.136065
0 0.392984 0.512062 0.083384 0.320984
0 0.039847 0.515663 0.037374 0.152330
0 0.165990 0.897463 0.106994 0.194562
0 0.548153 0.260312 0.030519 0.121027
0 0.941576 0.574325 0.059532 0.249274
0 0.467257 0.351633 0.027588 0.067448
