0 0.434720 0.329457 0.041308 0.083959
0 0.641807 0.593236 0.101284 0.219001
0 0.537097 0.404360 0.057833 0.132916
0 0.597297 0.288502 0.041968 0.116898
0 0.841444 0.399791 0.048215 0.230176
0 0.182824 0.889490 0.077893 0.198128
0 0.784771 0.502094 0.102139 0.148786
0 0.312288 0.411951 0.043917 0.126655
0 0.426850 0.508348 0.070581 0.174515
0 0.881160 0.421543 0.056522 0.225504
0 0.595419 0.449223 0.060260 0.172000
0 0.723612 0.535824 0.065620 0.166783
0 0.386163 0.482178 0.041251 0.160643
0 0.478226 0.359220 0.032912 0.065820
0 0.049736 0.520593 0.056745 0.165494
0 0.124300 0.591523 0.051572 0.167038
0 0.227557 0.948072 0.080079 0.103855
0 0.878200 0.610937 0.081305 0.218564
0 0.545713 0.268552 0.040324 0.125101
