0 0.704151 0.544826 0.059232 0.162519
0 0.767604 0.491808 0.052558 0.157784
0 0.439286 0.519423 0.077362 0.198614
0 0.182364 0.880218 0.074681 0.179396
0 0.387113 0.480952 0.049056 0.159264
0 0.634649 0.593549 0.088689 0.207776
0 0.596907 0.289439 0.042165 0.116656
0 0.305747 0.418515 0.039411 0.140499
0 0.552351 0.404267 0.049264 0.124049
0 0.435950 0.329111 0.042372 0.080677
0 0.879048 0.413112 0.063571 0.236413
0 0.831953 0.393878 0.041310 0.243772
0 0.478253 0.351964 0.034210 0.081816
0 0.879213 0.626573 0.085975 0.266592
0 0.594846 0.446468 0.061280 0.175175
0 0.058805 0.548402 0.049859 0.111957
0 0.541133 0.268629 0.032264 0.125535
0 0.823275 0.822302 0.110977 0.337883
0 0.117149 0.603558 0.054234 0.166106
0 0.221856 0.947886 0.085047 0.104228
