0 0.781154 0.490095 0.070912 0.160432
0 0.621755 0.604841 0.084454 0.207135
0 0.597584 0.289370 0.043618 0.118785
0 0.721284 0.536455 0.055876 0.171721
0 0.435931 0.332561 0.040468 0.095933
0 0.072469 0.528772 0.053869 0.132909
0 0.589654 0.435173 0.064010 0.154372
0 0.134042 0.642206 0.067909 0.225857
0 0.541550 0.404027 0.050624 0.120340
0 0.307579 0.414753 0.035706 0.130364
0 0.942626 0.502959 0.057326 0.219671
0 0.482294 0.366044 0.030502 0.093918
0 0.228158 0.938984 0.084409 0.122031
0 0.506052 0.388475 0.025956 0.099209
0 0.039973 0.512246 0.036439 0.145329
0 0.396230 0.513064 0.102465 0.329245
0 0.156831 0.858367 0.080518 0.185706
0 0.548144 0.261669 0.034931 0.127455
0 0.924942 0.626368 0.064367 0.224228
