0 0.434907 0.329605 0.041160 0.084937
0 0.637581 0.591445 0.094742 0.221302
0 0.784805 0.501790 0.102532 0.148344
0 0.537367 0.402294 0.056679 0.136495
0 0.597495 0.288244 0.041529 0.117626
0 0.879349 0.416812 0.063063 0.228324
0 0.426361 0.508481 0.073894 0.174254
0 0.721614 0.535535 0.065507 0.177262
0 0.312205 0.412303 0.044006 0.128874
0 0.183236 0.883745 0.075483 0.187824
0 0.595285 0.448060 0.059856 0.175257
0 0.386444 0.482225 0.040636 0.159643
0 0.049393 0.520755 0.055632 0.164703
0 0.849440 0.417617 0.062312 0.195285
0 0.476912 0.346187 0.034347 0.080972
0 0.544836 0.268676 0.038438 0.125778
0 0.227348 0.948116 0.079907 0.103768
0 0.125041 0.591123 0.050408 0.168645
0 0.879665 0.610789 0.078150 0.209598
0 0.060398 0.535340 0.043793 0.124983
