0 0.703286 0.542572 0.057549 0.171876
0 0.767882 0.488527 0.054013 0.159289
0 0.596463 0.287855 0.042520 0.118939
0 0.870818 0.415002 0.064657 0.237034
0 0.634872 0.591891 0.089177 0.211351
0 0.384957 0.480194 0.045168 0.157363
0 0.552731 0.404386 0.048772 0.120778
0 0.182130 0.881369 0.075418 0.179158
0 0.834275 0.402576 0.052158 0.236097
0 0.480185 0.350511 0.030601 0.083632
0 0.436806 0.329670 0.042549 0.086374
0 0.429368 0.515373 0.079929 0.189873
0 0.306158 0.419781 0.038339 0.138957
0 0.876544 0.623797 0.082422 0.248514
0 0.594642 0.446366 0.061506 0.174737
0 0.540363 0.268490 0.029947 0.125584
0 0.118096 0.604739 0.055531 0.170906
0 0.054900 0.544894 0.055951 0.119183
0 0.829938 0.736914 0.097026 0.176829
0 0.221901 0.948659 0.084335 0.102682
0 0.828066 0.819980 0.112926 0.339990
