0 0.790226 0.492100 0.086226 0.166173
0 0.705922 0.541694 0.055848 0.170319
0 0.887142 0.416458 0.051420 0.240327
0 0.629254 0.593075 0.076433 0.216471
0 0.597473 0.288922 0.041396 0.118168
0 0.435230 0.330487 0.041334 0.087965
0 0.479642 0.354862 0.031205 0.070705
0 0.306248 0.416216 0.036617 0.141686
0 0.181466 0.886537 0.072611 0.186787
0 0.594446 0.447083 0.061376 0.172992
0 0.803103 0.370979 0.036333 0.236040
0 0.430864 0.542971 0.085124 0.227239
0 0.888100 0.626968 0.079755 0.273653
0 0.050133 0.520069 0.058025 0.165893
0 0.561472 0.403291 0.044132 0.126922
0 0.384261 0.466090 0.041753 0.131134
0 0.121468 0.612012 0.058597 0.203268
0 0.544720 0.261319 0.033558 0.124819
0 0.226846 0.947822 0.077943 0.104033
0 0.062786 0.536364 0.042402 0.125669
