0 0.437122 0.327055 0.036171 0.084472
0 0.631153 0.594751 0.091217 0.219096
0 0.473463 0.354489 0.045997 0.084683
0 0.306810 0.413877 0.042034 0.153774
0 0.893372 0.425020 0.053918 0.252198
0 0.215431 0.933891 0.101462 0.132218
0 0.535884 0.407195 0.054081 0.113074
0 0.419122 0.501313 0.076627 0.173934
0 0.051071 0.521177 0.056627 0.164763
0 0.883765 0.649045 0.084639 0.251019
0 0.852938 0.404003 0.039748 0.231753
0 0.591115 0.435550 0.067595 0.156831
0 0.379970 0.480852 0.039943 0.158778
0 0.576842 0.277857 0.029237 0.099770
0 0.162820 0.917910 0.084225 0.152296
0 0.818514 0.817019 0.116363 0.350889
0 0.120036 0.594518 0.047172 0.161750
0 0.605986 0.298489 0.051266 0.112152
