0 0.472207 0.355087 0.045027 0.083751
0 0.437155 0.327874 0.038871 0.079572
0 0.728030 0.550076 0.101393 0.155681
0 0.384834 0.480199 0.046027 0.158318
0 0.787373 0.481684 0.097219 0.142659
0 0.181211 0.893236 0.072980 0.185250
0 0.430255 0.515361 0.078834 0.193480
0 0.311354 0.407402 0.045721 0.133711
0 0.591230 0.447526 0.069195 0.177259
0 0.892318 0.419257 0.052866 0.248899
0 0.632999 0.599312 0.080417 0.192308
0 0.535440 0.406914 0.053706 0.113599
0 0.885985 0.632184 0.086327 0.277624
0 0.598484 0.290815 0.040624 0.115458
0 0.852811 0.402748 0.041750 0.229408
0 0.122263 0.592832 0.050744 0.162598
0 0.056597 0.545062 0.055380 0.116047
0 0.539782 0.267583 0.029286 0.124560
0 0.218947 0.948118 0.098097 0.103763
0 0.568419 0.271280 0.031174 0.083748
