0 0.780720 0.489610 0.070507 0.156311
0 0.721679 0.545179 0.059884 0.149610
0 0.255186 0.925080 0.088421 0.149839
0 0.072221 0.526641 0.052556 0.136700
0 0.134508 0.647378 0.068022 0.220996
0 0.616761 0.628271 0.078062 0.167326
0 0.585529 0.276243 0.031892 0.098258
0 0.305726 0.416494 0.033924 0.128517
0 0.039152 0.518605 0.036518 0.155256
0 0.571840 0.438552 0.069182 0.120551
0 0.168564 0.898586 0.088575 0.198968
0 0.388848 0.471918 0.094934 0.265409
0 0.438847 0.322428 0.045589 0.075853
0 0.549325 0.259423 0.035756 0.120812
0 0.870739 0.646612 0.085831 0.274633
0 0.540547 0.396673 0.037926 0.107783
0 0.617815 0.291934 0.045451 0.124752
0 0.479194 0.354309 0.031343 0.065877
