0 0.780885 0.487708 0.071618 0.159473
0 0.720803 0.539792 0.061964 0.169293
0 0.596971 0.287903 0.042698 0.119840
0 0.542282 0.404819 0.049322 0.118337
0 0.436004 0.332586 0.040865 0.095975
0 0.071947 0.528505 0.054022 0.133325
0 0.622061 0.604306 0.082826 0.206129
0 0.589780 0.434759 0.063676 0.152603
0 0.307469 0.415321 0.035340 0.131035
0 0.134261 0.644184 0.067946 0.231693
0 0.482914 0.365520 0.031308 0.093860
0 0.039146 0.514766 0.035488 0.147704
0 0.396595 0.512826 0.102085 0.331249
0 0.547664 0.259914 0.032471 0.122455
0 0.145753 0.867221 0.091204 0.215940
0 0.223083 0.936753 0.089093 0.126494
0 0.886793 0.697592 0.085090 0.198279
0 0.473423 0.355941 0.031379 0.077804
0 0.891863 0.613765 0.087237 0.252995
0 0.512614 0.382292 0.036805 0.095784
