0 0.436955 0.327250 0.036654 0.083309
0 0.473773 0.354469 0.045761 0.085796
0 0.219014 0.933337 0.101028 0.133326
0 0.627525 0.595879 0.084804 0.214126
0 0.307984 0.414201 0.041779 0.152286
0 0.894011 0.423515 0.052782 0.251590
0 0.420899 0.504306 0.075987 0.176334
0 0.052479 0.520690 0.057643 0.166019
0 0.882827 0.645570 0.086296 0.259002
0 0.591643 0.444287 0.068339 0.177349
0 0.535716 0.407951 0.054808 0.114527
0 0.852100 0.404273 0.041789 0.230466
0 0.165015 0.919548 0.089240 0.157895
0 0.378256 0.481073 0.039063 0.159053
0 0.819815 0.818254 0.121096 0.359739
0 0.120737 0.594822 0.046106 0.159994
0 0.545255 0.266401 0.037295 0.123823
0 0.585716 0.299985 0.044559 0.110283
