0 0.772054 0.442714 0.064772 0.214580
0 0.472196 0.355021 0.046022 0.083232
0 0.591514 0.445413 0.068442 0.176738
0 0.893997 0.422859 0.053537 0.256577
0 0.705042 0.497244 0.059204 0.215604
0 0.305993 0.418919 0.038816 0.137282
0 0.880875 0.642200 0.086529 0.261545
0 0.535592 0.407191 0.054589 0.112935
0 0.383592 0.481362 0.041242 0.159226
0 0.427118 0.513878 0.081356 0.196249
0 0.216741 0.935773 0.104728 0.128453
0 0.853403 0.404368 0.041699 0.228388
0 0.432391 0.332573 0.040718 0.086431
0 0.820190 0.817877 0.122717 0.342901
0 0.645584 0.597961 0.096078 0.201213
0 0.148137 0.895146 0.073043 0.185832
0 0.539843 0.268754 0.027016 0.126927
0 0.599189 0.291385 0.039232 0.113709
0 0.122111 0.589878 0.045821 0.159975
0 0.054742 0.520942 0.061086 0.166191
0 0.571629 0.273709 0.029075 0.088964
0 0.048950 0.488128 0.045965 0.098955
