0 0.780458 0.489985 0.072418 0.169166
0 0.709031 0.541615 0.055090 0.162743
0 0.619947 0.606869 0.084512 0.204359
0 0.597224 0.288413 0.043732 0.121620
0 0.436180 0.325949 0.039408 0.085424
0 0.211797 0.930093 0.116183 0.139814
0 0.590251 0.438965 0.064230 0.160552
0 0.541315 0.397537 0.054238 0.123949
0 0.888966 0.630895 0.076376 0.280077
0 0.310574 0.416370 0.045601 0.138807
0 0.148222 0.851643 0.094523 0.196039
0 0.127342 0.621973 0.064810 0.213932
0 0.388554 0.489087 0.050768 0.177955
0 0.048701 0.522399 0.054173 0.167635
0 0.481056 0.358093 0.034910 0.067431
0 0.441770 0.541173 0.084138 0.388474
0 0.552653 0.260016 0.030901 0.117403
