0 0.782835 0.452096 0.066537 0.192775
0 0.472130 0.355233 0.045392 0.084643
0 0.591462 0.446136 0.068835 0.179777
0 0.640985 0.600313 0.090287 0.198168
0 0.893407 0.423659 0.053377 0.256765
0 0.429706 0.513870 0.078623 0.195028
0 0.382741 0.478343 0.041897 0.161831
0 0.881085 0.650943 0.082981 0.247967
0 0.305929 0.418111 0.038997 0.138708
0 0.535531 0.406776 0.054613 0.113940
0 0.217206 0.935674 0.102500 0.128651
0 0.726850 0.495326 0.048062 0.202138
0 0.852039 0.405780 0.041959 0.228047
0 0.430958 0.331869 0.040569 0.088771
0 0.820667 0.818131 0.122579 0.334335
0 0.147895 0.896689 0.072457 0.190023
0 0.598115 0.292592 0.040167 0.113480
0 0.122157 0.592763 0.048396 0.163140
0 0.053401 0.520621 0.056899 0.167103
0 0.539177 0.265858 0.025822 0.122011
0 0.570650 0.273831 0.031203 0.089028
0 0.859536 0.588749 0.040191 0.124016
