0 0.781472 0.491068 0.070083 0.155541
0 0.614586 0.609272 0.076972 0.203325
0 0.590479 0.437665 0.064656 0.156243
0 0.436131 0.327544 0.042914 0.078448
0 0.071792 0.527065 0.053109 0.135805
0 0.717988 0.541521 0.054735 0.157554
0 0.134407 0.646210 0.068251 0.221139
0 0.305831 0.416443 0.033961 0.128307
0 0.546105 0.404269 0.049112 0.125220
0 0.585291 0.276521 0.035637 0.099786
0 0.168536 0.896407 0.089362 0.199300
0 0.256875 0.929474 0.089387 0.135709
0 0.905888 0.502655 0.049678 0.127875
0 0.899380 0.646069 0.070893 0.270238
0 0.038832 0.518983 0.035542 0.157756
0 0.392021 0.511395 0.083694 0.322508
0 0.617236 0.289129 0.045442 0.110840
0 0.548770 0.259576 0.033714 0.120334
0 0.472151 0.353404 0.030594 0.068413
