0 0.790352 0.487249 0.089533 0.164791
0 0.717783 0.541638 0.075454 0.170021
0 0.615044 0.613981 0.067775 0.190105
0 0.597482 0.288345 0.041926 0.118201
0 0.439124 0.519763 0.077744 0.198760
0 0.386611 0.480511 0.051176 0.159752
0 0.881964 0.411059 0.056671 0.233069
0 0.533628 0.407165 0.059198 0.121234
0 0.181767 0.878562 0.073803 0.186425
0 0.306326 0.413988 0.039460 0.137470
0 0.118940 0.621823 0.058371 0.204035
0 0.842999 0.398925 0.045738 0.238104
0 0.435491 0.331301 0.039757 0.085577
0 0.056410 0.545984 0.049958 0.117071
0 0.478786 0.361122 0.030530 0.066748
0 0.877094 0.639710 0.091312 0.257968
0 0.595135 0.443478 0.061326 0.167853
0 0.546210 0.269047 0.041295 0.128073
0 0.805779 0.871955 0.110319 0.255854
0 0.222100 0.947829 0.085167 0.104342
