0 0.306008 0.408894 0.043257 0.144181
0 0.632651 0.594400 0.094258 0.219267
0 0.536418 0.407439 0.052457 0.118236
0 0.893708 0.425135 0.052345 0.251401
0 0.216821 0.932744 0.098522 0.134512
0 0.423387 0.504022 0.072102 0.173388
0 0.477394 0.351539 0.039172 0.084708
0 0.434271 0.330769 0.037457 0.086881
0 0.882813 0.646981 0.080885 0.254521
0 0.851571 0.403514 0.040431 0.226950
0 0.165506 0.919780 0.086874 0.156022
0 0.378453 0.475448 0.041340 0.167063
0 0.576616 0.276850 0.028678 0.098434
0 0.592158 0.441672 0.065897 0.168445
0 0.800247 0.821430 0.139153 0.348092
0 0.607446 0.297988 0.053728 0.111977
0 0.120292 0.595925 0.046546 0.159291
0 0.053154 0.521188 0.057878 0.165402
0 0.540618 0.270540 0.029039 0.129339
