0 0.473379 0.354825 0.045674 0.084498
0 0.632984 0.594442 0.093451 0.217646
0 0.435067 0.325425 0.040115 0.085798
0 0.535426 0.407079 0.054504 0.113428
0 0.893715 0.424692 0.053143 0.252745
0 0.305330 0.414235 0.041955 0.149118
0 0.222133 0.932060 0.118498 0.135879
0 0.852429 0.402222 0.045189 0.229741
0 0.420934 0.504795 0.072746 0.169073
0 0.882954 0.653027 0.088445 0.252535
0 0.376071 0.473844 0.043656 0.162627
0 0.162833 0.919131 0.084336 0.151781
0 0.590836 0.438558 0.067906 0.161424
0 0.798190 0.819136 0.143043 0.345203
0 0.576692 0.275020 0.028683 0.093663
0 0.051791 0.520471 0.056806 0.162703
0 0.602959 0.299047 0.045397 0.110999
0 0.119854 0.596134 0.046127 0.156795
0 0.539924 0.269108 0.029717 0.129150
