0 0.782129 0.487160 0.069799 0.166061
0 0.633890 0.594965 0.084102 0.213472
0 0.864824 0.426000 0.086789 0.223750
0 0.716202 0.541299 0.069879 0.166904
0 0.434577 0.330219 0.043895 0.080389
0 0.398409 0.494021 0.069121 0.190361
0 0.597456 0.287524 0.043821 0.120607
0 0.306952 0.413475 0.038897 0.138997
0 0.593492 0.446132 0.061338 0.175936
0 0.539611 0.398167 0.054907 0.129507
0 0.811755 0.380670 0.050212 0.252556
0 0.041761 0.520331 0.040686 0.162752
0 0.231221 0.943313 0.089010 0.113375
0 0.153557 0.866050 0.093616 0.172278
0 0.550551 0.257705 0.029457 0.110633
0 0.123613 0.607842 0.063861 0.212555
0 0.070253 0.543140 0.040199 0.109494
0 0.880457 0.655834 0.087488 0.243038
0 0.477537 0.355124 0.045612 0.079067
