0 0.597026 0.288317 0.042631 0.117664
0 0.785858 0.500292 0.079469 0.141166
0 0.715154 0.540734 0.070915 0.169708
0 0.632404 0.595157 0.082768 0.211946
0 0.434503 0.328315 0.043891 0.078517
0 0.311643 0.413953 0.044718 0.138404
0 0.839191 0.405308 0.062711 0.230946
0 0.398858 0.494630 0.068119 0.192619
0 0.545180 0.397375 0.047878 0.136408
0 0.594066 0.446754 0.061997 0.176731
0 0.166118 0.896619 0.110324 0.206188
0 0.480119 0.357789 0.035039 0.068384
0 0.040452 0.521425 0.038068 0.163766
0 0.550042 0.258587 0.028205 0.110361
0 0.341213 0.813958 0.093053 0.372084
0 0.574534 0.266462 0.027977 0.080364
0 0.122495 0.606778 0.062993 0.213128
0 0.814099 0.395681 0.039290 0.205994
0 0.879498 0.655323 0.084960 0.243642
0 0.810973 0.325986 0.044151 0.146489
