0 0.703542 0.540839 0.060530 0.171520
0 0.472286 0.354764 0.045480 0.084657
0 0.591331 0.446406 0.068072 0.175848
0 0.639272 0.599974 0.088249 0.196115
0 0.762819 0.495258 0.058901 0.172435
0 0.385236 0.481102 0.044672 0.161122
0 0.433820 0.327477 0.037686 0.080137
0 0.881069 0.639240 0.081459 0.265867
0 0.893407 0.421202 0.053215 0.251498
0 0.431494 0.515144 0.077765 0.193912
0 0.535328 0.407704 0.054540 0.114481
0 0.177887 0.863057 0.074259 0.190958
0 0.306086 0.417266 0.039188 0.138574
0 0.225103 0.929398 0.106225 0.141203
0 0.851596 0.402872 0.041574 0.227028
0 0.051896 0.521041 0.056773 0.167099
0 0.819259 0.814753 0.116096 0.334857
0 0.598108 0.292008 0.039219 0.114239
0 0.117152 0.598980 0.049791 0.157409
0 0.539380 0.267528 0.026233 0.124025
0 0.568582 0.273769 0.032343 0.086269
