0 0.780678 0.493183 0.072162 0.156992
0 0.633268 0.595480 0.082524 0.209987
0 0.434986 0.330064 0.043746 0.079383
0 0.715543 0.540434 0.069247 0.169292
0 0.597581 0.287533 0.044280 0.121067
0 0.398266 0.494276 0.068569 0.189335
0 0.306879 0.413134 0.038063 0.138624
0 0.813777 0.392817 0.049179 0.244218
0 0.889426 0.636156 0.084400 0.268862
0 0.540949 0.394598 0.053044 0.131787
0 0.233902 0.932501 0.076842 0.131940
0 0.158192 0.866911 0.079234 0.214538
0 0.110681 0.599095 0.066419 0.160794
0 0.480538 0.353535 0.032677 0.077826
0 0.550919 0.256694 0.028608 0.108257
0 0.876429 0.413214 0.046264 0.239680
0 0.045833 0.518140 0.049250 0.158646
0 0.592705 0.445856 0.061268 0.172870
0 0.064542 0.534184 0.044096 0.118911
