0 0.767492 0.502444 0.078621 0.163876
0 0.704320 0.544190 0.063445 0.176396
0 0.472048 0.354971 0.046006 0.084400
0 0.591410 0.446407 0.068152 0.175066
0 0.639076 0.601168 0.088868 0.196745
0 0.433854 0.326942 0.037721 0.079407
0 0.385686 0.480576 0.043683 0.160007
0 0.892803 0.424377 0.053220 0.229187
0 0.179352 0.879759 0.077994 0.223720
0 0.431256 0.514539 0.078590 0.190763
0 0.881711 0.641978 0.072741 0.268693
0 0.306157 0.417548 0.039385 0.137159
0 0.535075 0.407274 0.054545 0.112906
0 0.850994 0.403313 0.041287 0.226865
0 0.052772 0.521188 0.056557 0.166421
0 0.598392 0.292350 0.039491 0.112954
0 0.220113 0.943651 0.104915 0.112698
0 0.819929 0.820574 0.118098 0.344412
0 0.540173 0.268773 0.027014 0.126397
0 0.569876 0.274754 0.032145 0.087394
0 0.119727 0.595897 0.052870 0.160076
