0 0.703699 0.545950 0.058663 0.170533
0 0.472538 0.355033 0.044242 0.083328
0 0.790207 0.499025 0.084027 0.148267
0 0.533986 0.402950 0.056207 0.123165
0 0.637439 0.598625 0.098782 0.214111
0 0.385026 0.480476 0.044902 0.158962
0 0.591462 0.448168 0.068676 0.173162
0 0.597096 0.289959 0.040909 0.114426
0 0.180619 0.893856 0.074693 0.181335
0 0.430603 0.516342 0.080108 0.192965
0 0.894007 0.422626 0.052732 0.256713
0 0.439287 0.328353 0.038700 0.080766
0 0.311930 0.409885 0.042767 0.126615
0 0.876926 0.635388 0.076391 0.269515
0 0.849921 0.400339 0.039761 0.229223
0 0.804990 0.815416 0.149245 0.330974
0 0.539981 0.268060 0.028388 0.124786
0 0.121902 0.591061 0.050201 0.163368
0 0.218922 0.948620 0.096927 0.102761
0 0.057639 0.542856 0.055713 0.124104
