0 0.781657 0.487105 0.069501 0.158699
0 0.597269 0.289192 0.042886 0.117705
0 0.590209 0.445249 0.064287 0.171775
0 0.134218 0.646614 0.067266 0.225521
0 0.072219 0.527745 0.052894 0.135778
0 0.720030 0.540948 0.055617 0.157372
0 0.620843 0.608982 0.080783 0.204253
0 0.546961 0.405439 0.046632 0.121329
0 0.903449 0.500263 0.049922 0.125236
0 0.432734 0.328798 0.041930 0.091523
0 0.039800 0.518684 0.037312 0.157597
0 0.309029 0.413764 0.043206 0.141626
0 0.240991 0.928998 0.091360 0.142005
0 0.392579 0.514098 0.083093 0.317913
0 0.154344 0.898399 0.086316 0.194310
0 0.548258 0.260685 0.032229 0.121891
0 0.941339 0.572218 0.060650 0.253057
0 0.467318 0.351322 0.026583 0.064587
0 0.494338 0.382976 0.055139 0.106643
0 0.928962 0.613008 0.093385 0.324545
