0 0.781718 0.488311 0.069578 0.158259
0 0.622589 0.604737 0.082257 0.206981
0 0.552230 0.402187 0.042766 0.126834
0 0.436295 0.332849 0.040324 0.096260
0 0.597216 0.289382 0.043674 0.118234
0 0.721017 0.542657 0.058557 0.157424
0 0.307939 0.415819 0.036963 0.132242
0 0.133913 0.644817 0.066164 0.225852
0 0.072356 0.528081 0.053307 0.133011
0 0.859516 0.457506 0.050797 0.152028
0 0.590097 0.436172 0.063638 0.154819
0 0.039127 0.514426 0.034806 0.147525
0 0.392832 0.514102 0.083220 0.316394
0 0.227852 0.937937 0.093796 0.124127
0 0.941287 0.568239 0.060238 0.253923
0 0.549411 0.260391 0.032839 0.124521
0 0.158067 0.902382 0.092250 0.193050
0 0.493913 0.383759 0.054283 0.106811
0 0.468867 0.350839 0.024543 0.065270
