0 0.781254 0.489715 0.070371 0.157321
0 0.613266 0.608979 0.074599 0.202178
0 0.720662 0.543695 0.057026 0.154074
0 0.306109 0.416578 0.035338 0.127783
0 0.071727 0.527339 0.051502 0.135274
0 0.133988 0.646740 0.067495 0.220138
0 0.878138 0.638200 0.077815 0.272963
0 0.039744 0.517743 0.037133 0.155721
0 0.257463 0.924116 0.086337 0.151042
0 0.584881 0.277285 0.034164 0.101169
0 0.613124 0.293240 0.044532 0.127196
0 0.405250 0.465727 0.097229 0.277756
0 0.168338 0.897490 0.088911 0.196523
0 0.440326 0.327992 0.042324 0.085442
0 0.572765 0.441382 0.069159 0.120160
0 0.549060 0.259408 0.034947 0.120811
0 0.539042 0.396903 0.035645 0.107774
0 0.478334 0.355517 0.033686 0.065374
