0 0.703994 0.540848 0.059518 0.169680
0 0.437035 0.327797 0.042116 0.080501
0 0.772498 0.485405 0.056211 0.159769
0 0.473302 0.354083 0.043512 0.088147
0 0.635226 0.593762 0.088924 0.211318
0 0.384720 0.480283 0.045460 0.156874
0 0.552745 0.404618 0.048466 0.121308
0 0.596979 0.290391 0.040995 0.114633
0 0.870295 0.410181 0.062164 0.234197
0 0.182263 0.886609 0.076728 0.189998
0 0.429528 0.515009 0.079264 0.191200
0 0.306032 0.417571 0.036919 0.143594
0 0.120590 0.615413 0.057384 0.219121
0 0.832245 0.398301 0.044791 0.236906
0 0.877826 0.632687 0.075464 0.261935
0 0.594879 0.445993 0.060862 0.174526
0 0.540183 0.268408 0.029110 0.124296
0 0.055657 0.544797 0.053958 0.121235
0 0.821772 0.833845 0.117868 0.315331
0 0.572424 0.269275 0.029487 0.084999
0 0.225826 0.948157 0.080091 0.103686
