0 0.644420 0.595127 0.105093 0.216659
0 0.790700 0.490819 0.087375 0.163822
0 0.597325 0.288392 0.041422 0.118195
0 0.885972 0.416105 0.054925 0.240859
0 0.435197 0.330516 0.040922 0.090111
0 0.843462 0.398471 0.058785 0.231047
0 0.425313 0.504844 0.075281 0.175847
0 0.705024 0.532363 0.051038 0.160182
0 0.310611 0.416185 0.045560 0.131809
0 0.479525 0.354736 0.032054 0.072719
0 0.594232 0.448799 0.062392 0.172402
0 0.181945 0.886290 0.074071 0.190994
0 0.381671 0.478775 0.037273 0.163332
0 0.049834 0.521093 0.057130 0.167050
0 0.119965 0.615436 0.055936 0.202345
0 0.558996 0.397662 0.050831 0.136043
0 0.537359 0.269648 0.038104 0.129359
0 0.885363 0.620068 0.077309 0.250617
0 0.225342 0.947890 0.081638 0.103409
