0 0.781749 0.489570 0.069529 0.156714
0 0.719581 0.542376 0.055731 0.157213
0 0.597366 0.289296 0.043681 0.118791
0 0.549771 0.401110 0.046549 0.130650
0 0.073007 0.528609 0.053089 0.131983
0 0.623584 0.604579 0.084092 0.206091
0 0.134030 0.645588 0.066762 0.225207
0 0.307804 0.414412 0.036716 0.130075
0 0.590296 0.436359 0.063610 0.154794
0 0.435823 0.332386 0.038410 0.094209
0 0.905076 0.500854 0.046410 0.124975
0 0.229786 0.936455 0.072705 0.125056
0 0.039319 0.516437 0.036837 0.155303
0 0.392488 0.513658 0.082394 0.318133
0 0.548231 0.260671 0.032640 0.121944
0 0.940205 0.570360 0.058640 0.253993
0 0.162637 0.901872 0.103525 0.196257
0 0.493145 0.384549 0.053899 0.105796
0 0.468444 0.353410 0.029393 0.069546
