0 0.721023 0.547190 0.061325 0.147354
0 0.472412 0.354189 0.044443 0.085594
0 0.384217 0.480117 0.045420 0.158467
0 0.050696 0.520858 0.054679 0.164264
0 0.826800 0.389405 0.052723 0.257464
0 0.596750 0.289014 0.039351 0.112627
0 0.594939 0.450900 0.059173 0.165313
0 0.552441 0.405179 0.049423 0.122786
0 0.635105 0.592962 0.086264 0.213386
0 0.180488 0.890918 0.074218 0.187583
0 0.429599 0.514645 0.078853 0.193266
0 0.434687 0.328718 0.045008 0.074871
0 0.769982 0.497842 0.078771 0.146957
0 0.307911 0.412272 0.039343 0.134989
0 0.894515 0.426496 0.048677 0.251196
0 0.866329 0.633255 0.100668 0.264596
0 0.539539 0.267937 0.027854 0.123983
0 0.118992 0.598864 0.055618 0.176339
0 0.218083 0.948290 0.098014 0.103419
0 0.566350 0.275591 0.030728 0.095813
