0 0.781159 0.489369 0.072454 0.164386
0 0.597748 0.288408 0.043352 0.119620
0 0.706067 0.542850 0.051637 0.162903
0 0.398233 0.494088 0.068216 0.190516
0 0.621805 0.608495 0.080685 0.201035
0 0.544931 0.393589 0.051847 0.135689
0 0.310197 0.416111 0.044692 0.140314
0 0.072968 0.531024 0.055212 0.130010
0 0.432408 0.330305 0.045416 0.090390
0 0.887979 0.634367 0.077912 0.274561
0 0.550841 0.259036 0.027308 0.114347
0 0.156960 0.865533 0.083636 0.216162
0 0.040905 0.518817 0.038144 0.161097
0 0.117740 0.591950 0.053900 0.160955
0 0.206401 0.933846 0.121478 0.132307
0 0.481019 0.358526 0.034722 0.066366
0 0.584690 0.437990 0.076609 0.156643
0 0.682879 0.426720 0.063012 0.161619
0 0.581931 0.498718 0.086555 0.274261
