0 0.435265 0.328042 0.040262 0.082122
0 0.472801 0.354185 0.043583 0.084394
0 0.554425 0.401503 0.051636 0.126910
0 0.891559 0.421550 0.057270 0.260429
0 0.596689 0.289676 0.040749 0.114313
0 0.384300 0.480112 0.046936 0.158975
0 0.820459 0.389348 0.041440 0.260225
0 0.594940 0.451033 0.059411 0.167311
0 0.180389 0.892107 0.073755 0.188708
0 0.308002 0.412686 0.038054 0.135053
0 0.429651 0.515892 0.079879 0.191443
0 0.767686 0.504063 0.069968 0.153383
0 0.633882 0.600014 0.084022 0.208703
0 0.712736 0.540812 0.059040 0.165093
0 0.876191 0.635664 0.079056 0.265439
0 0.539691 0.268663 0.028585 0.125861
0 0.119805 0.601173 0.055651 0.179590
0 0.217877 0.948016 0.098777 0.103969
0 0.054461 0.519493 0.058096 0.169614
0 0.565001 0.287722 0.031564 0.118719
