0 0.703775 0.542617 0.059767 0.174724
0 0.766990 0.500365 0.064142 0.164350
0 0.472672 0.354796 0.044647 0.083879
0 0.591559 0.447193 0.068509 0.178107
0 0.639561 0.600700 0.089704 0.197521
0 0.384717 0.480745 0.044292 0.157958
0 0.429450 0.515870 0.080191 0.192759
0 0.893120 0.422822 0.053588 0.257116
0 0.434767 0.326594 0.044531 0.079586
0 0.535159 0.407953 0.054639 0.113553
0 0.179648 0.878537 0.076605 0.219108
0 0.597742 0.291819 0.043145 0.117348
0 0.852245 0.402752 0.041149 0.228960
0 0.320446 0.403765 0.046412 0.138452
0 0.868591 0.667660 0.133436 0.251940
0 0.053144 0.521077 0.057831 0.166081
0 0.539798 0.268920 0.027155 0.127704
0 0.123680 0.590038 0.049913 0.160252
0 0.217318 0.948196 0.101262 0.103609
