0 0.781217 0.489664 0.071324 0.157920
0 0.614468 0.609586 0.077208 0.202711
0 0.720686 0.543284 0.058028 0.155106
0 0.305696 0.416183 0.034881 0.130340
0 0.590287 0.435871 0.064621 0.158281
0 0.071620 0.526597 0.052106 0.137463
0 0.134089 0.646944 0.067724 0.221769
0 0.545631 0.404131 0.048210 0.124856
0 0.441079 0.324638 0.040895 0.069958
0 0.253984 0.926923 0.092341 0.146155
0 0.039575 0.519117 0.036403 0.157838
0 0.393444 0.466349 0.078285 0.273877
0 0.897624 0.642715 0.074153 0.265309
0 0.584547 0.276207 0.035285 0.099108
0 0.167901 0.896322 0.088619 0.197517
0 0.616350 0.293472 0.046334 0.123125
0 0.548492 0.261164 0.036373 0.123757
0 0.474025 0.353732 0.033743 0.068126
