0 0.780104 0.434778 0.065216 0.216684
0 0.472188 0.353864 0.045746 0.085491
0 0.591187 0.445702 0.068888 0.177676
0 0.640476 0.597504 0.092479 0.207654
0 0.893505 0.423167 0.053802 0.256730
0 0.535551 0.407204 0.054424 0.113890
0 0.430218 0.513625 0.076383 0.186731
0 0.305954 0.419399 0.038660 0.132195
0 0.852397 0.404088 0.040583 0.232307
0 0.435685 0.327739 0.048437 0.076499
0 0.382805 0.481489 0.044580 0.160037
0 0.818574 0.822605 0.116800 0.347529
0 0.897052 0.636247 0.082797 0.278244
0 0.158946 0.892135 0.081576 0.181950
0 0.572031 0.276466 0.032606 0.099950
0 0.541169 0.267808 0.029515 0.125462
0 0.053890 0.545228 0.048851 0.117957
0 0.610643 0.324315 0.060354 0.157049
0 0.207120 0.940797 0.081685 0.118406
0 0.135046 0.602591 0.075127 0.169534
