0 0.791382 0.489724 0.087596 0.170172
0 0.644496 0.595070 0.105711 0.216665
0 0.884807 0.417778 0.054769 0.240885
0 0.597513 0.288165 0.041215 0.117570
0 0.434709 0.330880 0.041029 0.085831
0 0.425249 0.506740 0.072760 0.175454
0 0.843111 0.397604 0.061493 0.231090
0 0.705968 0.532288 0.052456 0.160055
0 0.310273 0.415162 0.045895 0.136693
0 0.479461 0.354723 0.032155 0.072533
0 0.384909 0.482563 0.042386 0.157526
0 0.595326 0.448205 0.059820 0.174233
0 0.182344 0.890759 0.073949 0.197848
0 0.545213 0.396989 0.047939 0.137618
0 0.051464 0.522129 0.059937 0.164787
0 0.885782 0.627838 0.081426 0.282196
0 0.539063 0.268185 0.032418 0.119114
0 0.124782 0.592670 0.048989 0.168135
0 0.573972 0.270661 0.021072 0.075800
0 0.227630 0.948040 0.080543 0.102214
0 0.065278 0.542103 0.039948 0.116389
