0 0.644029 0.595527 0.105159 0.217447
0 0.838350 0.397690 0.046769 0.232464
0 0.784882 0.505393 0.101822 0.159142
0 0.537782 0.403725 0.057132 0.136536
0 0.597626 0.288552 0.042009 0.117026
0 0.434564 0.330575 0.040969 0.086676
0 0.877833 0.415750 0.064221 0.237266
0 0.311884 0.415843 0.044482 0.134610
0 0.426271 0.508315 0.073037 0.178298
0 0.182348 0.884034 0.075256 0.187166
0 0.382627 0.481183 0.038606 0.159568
0 0.702937 0.531945 0.049888 0.163611
0 0.595394 0.447865 0.059905 0.173868
0 0.484828 0.350008 0.037920 0.086565
0 0.539403 0.270409 0.032139 0.126530
0 0.051165 0.521322 0.059203 0.165018
0 0.064953 0.538655 0.040566 0.123304
0 0.124255 0.592268 0.049727 0.168661
0 0.227466 0.948047 0.080240 0.103906
0 0.876953 0.608615 0.080566 0.204829
