0 0.780588 0.489862 0.072866 0.157549
0 0.714924 0.542067 0.066208 0.161301
0 0.598134 0.289444 0.043941 0.118411
0 0.618741 0.605776 0.081980 0.205656
0 0.072469 0.527106 0.052796 0.135159
0 0.307852 0.415933 0.036373 0.127806
0 0.590007 0.437448 0.064412 0.157994
0 0.540250 0.402784 0.053490 0.122211
0 0.133641 0.642948 0.068455 0.238635
0 0.889610 0.634632 0.079606 0.272214
0 0.039980 0.514583 0.036992 0.148273
0 0.435956 0.321040 0.041184 0.071629
0 0.236296 0.933243 0.075141 0.133514
0 0.387137 0.485367 0.050299 0.166865
0 0.476706 0.353431 0.038496 0.073796
0 0.435209 0.512035 0.085078 0.354214
0 0.549878 0.258530 0.028725 0.117251
0 0.148413 0.870224 0.098172 0.226648
