0 0.722656 0.556944 0.076563 0.147222
0 0.613281 0.290278 0.045312 0.113889
0 0.781641 0.495833 0.069531 0.119444
0 0.899219 0.475000 0.057813 0.166667
0 0.069531 0.540278 0.045312 0.125000
0 0.417187 0.504861 0.078125 0.184722
0 0.350391 0.323611 0.046094 0.108333
0 0.471094 0.355556 0.042188 0.094444
0 0.539062 0.400000 0.046875 0.133333
0 0.495312 0.393750 0.040625 0.090278
0 0.433594 0.323611 0.042188 0.091667
0 0.817187 0.811806 0.114062 0.345833
0 0.580078 0.280556 0.036719 0.105556
0 0.130469 0.558333 0.051562 0.102778
0 0.318359 0.421528 0.058594 0.159722
0 0.533594 0.284722 0.048438 0.158333
0 0.274219 0.368056 0.032813 0.086111
0 0.591797 0.428472 0.060156 0.140278
0 0.142578 0.909722 0.057031 0.083333
0 0.174219 0.948958 0.035937 0.100694
0 0.552734 0.221528 0.021094 0.054167
