0 0.727344 0.552778 0.079687 0.150000
0 0.617578 0.286111 0.044531 0.113889
0 0.568359 0.432639 0.057031 0.118056
0 0.421875 0.508333 0.071875 0.163889
0 0.353125 0.319444 0.043750 0.105556
0 0.908984 0.628472 0.072656 0.254167
0 0.505469 0.388194 0.035937 0.098611
0 0.541016 0.388889 0.039844 0.127778
0 0.581641 0.279167 0.038281 0.102778
0 0.061719 0.510417 0.060937 0.179167
0 0.383203 0.465278 0.044531 0.169444
0 0.429688 0.331250 0.034375 0.062500
0 0.552344 0.270139 0.039062 0.134722
0 0.188672 0.960764 0.083594 0.077083
0 0.173047 0.913194 0.092969 0.165278
0 0.335938 0.413889 0.043750 0.088889
0 0.819141 0.725694 0.103906 0.201389
0 0.783594 0.513194 0.070312 0.081944
0 0.460938 0.372222 0.050000 0.072222
0 0.069141 0.538194 0.044531 0.118056
0 0.307422 0.397222 0.033594 0.077778
0 0.123828 0.551389 0.047656 0.069444
