0 0.771094 0.491667 0.054688 0.116667
0 0.726172 0.550000 0.080469 0.155556
0 0.549219 0.391667 0.051562 0.127778
0 0.505078 0.387500 0.038281 0.097222
0 0.421094 0.504167 0.073438 0.175000
0 0.316406 0.414583 0.051562 0.115278
0 0.350781 0.322917 0.048438 0.104167
0 0.552734 0.268750 0.041406 0.134722
0 0.378125 0.479167 0.043750 0.158333
0 0.188281 0.960069 0.082812 0.078472
0 0.632031 0.391667 0.054688 0.316667
0 0.174219 0.919444 0.095312 0.158333
0 0.886328 0.643750 0.066406 0.262500
0 0.582812 0.279861 0.040625 0.095833
0 0.825391 0.819444 0.124219 0.338889
0 0.613672 0.269444 0.032031 0.083333
0 0.127344 0.565278 0.054688 0.113889
0 0.568750 0.445833 0.065625 0.091667
0 0.456250 0.355556 0.062500 0.088889
0 0.043359 0.456944 0.044531 0.080556
0 0.065234 0.526389 0.038281 0.108333
