0 0.780859 0.485417 0.071094 0.140278
0 0.723437 0.547222 0.078125 0.166667
0 0.067969 0.540278 0.045312 0.122222
0 0.466016 0.362500 0.039844 0.091667
0 0.613281 0.288889 0.042188 0.111111
0 0.903516 0.479167 0.058594 0.175000
0 0.420703 0.502778 0.067969 0.177778
0 0.536719 0.392361 0.042188 0.115278
0 0.351953 0.318750 0.047656 0.098611
0 0.855469 0.701389 0.098437 0.247222
0 0.434766 0.321528 0.044531 0.084722
0 0.186719 0.389583 0.039062 0.270833
0 0.276953 0.345833 0.030469 0.097222
0 0.580469 0.276389 0.035937 0.097222
0 0.317969 0.427083 0.056250 0.151389
0 0.551953 0.275000 0.038281 0.144444
0 0.575000 0.439583 0.068750 0.115278
0 0.498047 0.382639 0.035156 0.098611
0 0.126562 0.549306 0.053125 0.073611
0 0.171094 0.906944 0.090625 0.072222
0 0.195312 0.959375 0.070312 0.079861
0 0.251953 0.378472 0.042969 0.076389
