0 0.316406 0.413889 0.051562 0.122222
0 0.787109 0.490278 0.088281 0.175000
0 0.348047 0.323611 0.047656 0.102778
0 0.525391 0.395833 0.063281 0.119444
0 0.921094 0.600000 0.070312 0.255556
0 0.423438 0.503472 0.068750 0.179167
0 0.378125 0.479167 0.040625 0.158333
0 0.066016 0.535417 0.047656 0.126389
0 0.467187 0.356944 0.025000 0.097222
0 0.570703 0.436806 0.066406 0.112500
0 0.708594 0.542361 0.079687 0.162500
0 0.653906 0.567361 0.092188 0.195833
0 0.572656 0.275694 0.035937 0.101389
0 0.489844 0.375000 0.032813 0.088889
0 0.426563 0.333333 0.034375 0.066667
0 0.547266 0.276389 0.047656 0.141667
0 0.842187 0.762500 0.084375 0.208333
0 0.607812 0.292361 0.046875 0.112500
0 0.128516 0.564583 0.063281 0.109722
0 0.054688 0.486806 0.034375 0.109722
0 0.164453 0.854861 0.099219 0.187500
0 0.179297 0.945486 0.085156 0.107639
