0 0.719141 0.551389 0.061719 0.152778
0 0.419141 0.504861 0.074219 0.173611
0 0.352344 0.322222 0.051562 0.102778
0 0.432031 0.325694 0.032813 0.073611
0 0.617188 0.286806 0.043750 0.115278
0 0.774219 0.479861 0.059375 0.140278
0 0.503516 0.388194 0.036719 0.095833
0 0.534375 0.393056 0.031250 0.108333
0 0.378125 0.480556 0.043750 0.161111
0 0.907031 0.633333 0.067187 0.238889
0 0.060156 0.515278 0.060937 0.169444
0 0.458984 0.370833 0.046094 0.080556
0 0.551562 0.275694 0.037500 0.143056
0 0.174219 0.913542 0.096875 0.171528
0 0.581250 0.278472 0.037500 0.098611
0 0.188672 0.961458 0.078906 0.075694
0 0.317188 0.424306 0.043750 0.137500
0 0.130469 0.559722 0.057813 0.108333
0 0.307812 0.491667 0.078125 0.188889
0 0.068750 0.539583 0.043750 0.118056
0 0.823828 0.736111 0.114844 0.166667
0 0.563672 0.425000 0.061719 0.116667
