0 0.889844 0.488889 0.057813 0.144444
0 0.067578 0.541667 0.044531 0.122222
0 0.472656 0.367361 0.035937 0.081944
0 0.419531 0.502778 0.071875 0.172222
0 0.353906 0.320139 0.048438 0.095833
0 0.618750 0.288889 0.046875 0.105556
0 0.536719 0.393750 0.051562 0.104167
0 0.727344 0.548611 0.073438 0.152778
0 0.379688 0.470833 0.043750 0.150000
0 0.853516 0.700694 0.092969 0.245833
0 0.503906 0.390278 0.035937 0.097222
0 0.435937 0.324306 0.042188 0.079167
0 0.784375 0.503472 0.059375 0.090278
0 0.316016 0.427778 0.053906 0.144444
0 0.160156 0.381944 0.035937 0.230556
0 0.551562 0.274306 0.040625 0.145833
0 0.579688 0.272917 0.034375 0.095833
0 0.121484 0.591667 0.046094 0.152778
0 0.246094 0.386111 0.039062 0.038889
0 0.171094 0.904861 0.084375 0.095833
0 0.192188 0.950347 0.065625 0.097917
0 0.568750 0.463194 0.071875 0.054167
