0 0.725781 0.546528 0.082812 0.159722
0 0.768750 0.488194 0.059375 0.129167
0 0.468750 0.356250 0.040625 0.098611
0 0.347656 0.323611 0.048438 0.108333
0 0.421094 0.503472 0.073438 0.173611
0 0.615625 0.285417 0.043750 0.115278
0 0.067969 0.540278 0.045312 0.119444
0 0.316406 0.413889 0.051562 0.122222
0 0.747656 0.372917 0.051562 0.245833
0 0.506641 0.386111 0.035156 0.094444
0 0.554297 0.390278 0.064844 0.125000
0 0.378125 0.479167 0.043750 0.152778
0 0.178906 0.881944 0.085938 0.169444
0 0.188281 0.959375 0.084375 0.079861
0 0.435156 0.335417 0.045312 0.081944
0 0.053125 0.484722 0.031250 0.113889
0 0.578906 0.272222 0.032813 0.094444
0 0.549609 0.262500 0.033594 0.119444
0 0.128516 0.563889 0.055469 0.111111
0 0.569922 0.444444 0.066406 0.100000
0 0.884375 0.602778 0.090625 0.152778
0 0.837109 0.707639 0.071094 0.120833
