0 0.792969 0.483333 0.076563 0.144444
0 0.612891 0.290972 0.044531 0.112500
0 0.464453 0.354167 0.036719 0.086111
0 0.721094 0.552083 0.076563 0.148611
0 0.428125 0.522222 0.082812 0.188889
0 0.533594 0.395139 0.048438 0.137500
0 0.353906 0.318750 0.045312 0.093056
0 0.575781 0.277778 0.035937 0.105556
0 0.816016 0.813889 0.111719 0.350000
0 0.440625 0.320139 0.037500 0.093056
0 0.130469 0.557639 0.053125 0.104167
0 0.591797 0.422917 0.060156 0.151389
0 0.488281 0.384722 0.042188 0.091667
0 0.920312 0.518750 0.053125 0.231944
0 0.293750 0.355556 0.034375 0.083333
0 0.067578 0.539583 0.044531 0.118056
0 0.311719 0.409028 0.070312 0.187500
0 0.547266 0.277083 0.042969 0.151389
0 0.053906 0.519444 0.060937 0.166667
0 0.160938 0.871528 0.084375 0.148611
0 0.184375 0.945486 0.056250 0.107639
