0 0.726562 0.550000 0.081250 0.155556
0 0.617188 0.286806 0.043750 0.118056
0 0.775781 0.501389 0.064062 0.091667
0 0.548828 0.391667 0.050781 0.127778
0 0.912500 0.615278 0.062500 0.269444
0 0.504687 0.388194 0.037500 0.095833
0 0.420703 0.503472 0.072656 0.176389
0 0.316797 0.415278 0.050781 0.119444
0 0.351562 0.322917 0.046875 0.101389
0 0.069141 0.540278 0.044531 0.113889
0 0.628125 0.580556 0.050000 0.183333
0 0.553125 0.269444 0.040625 0.133333
0 0.382812 0.463889 0.040625 0.163889
0 0.189062 0.960069 0.081250 0.078472
0 0.173828 0.918750 0.096094 0.159722
0 0.825781 0.734722 0.117188 0.141667
0 0.582031 0.281250 0.039062 0.098611
0 0.569141 0.438889 0.064844 0.105556
0 0.061328 0.516667 0.060156 0.169444
0 0.454688 0.358333 0.062500 0.097222
0 0.127344 0.544444 0.040625 0.063889
