0 0.418750 0.502778 0.071875 0.172222
0 0.316406 0.413194 0.051562 0.120833
0 0.505469 0.386806 0.039062 0.101389
0 0.797656 0.477083 0.070312 0.123611
0 0.476172 0.356944 0.046094 0.102778
0 0.616797 0.287500 0.046094 0.119444
0 0.350391 0.323611 0.049219 0.094444
0 0.579688 0.279167 0.034375 0.102778
0 0.902344 0.626389 0.076563 0.280556
0 0.740625 0.538194 0.087500 0.162500
0 0.432812 0.335417 0.043750 0.076389
0 0.376563 0.472222 0.042188 0.150000
0 0.175000 0.912500 0.087500 0.163889
0 0.187500 0.957986 0.084375 0.082639
0 0.141016 0.593056 0.075781 0.175000
0 0.558203 0.383333 0.042969 0.111111
0 0.550000 0.263889 0.037500 0.122222
0 0.818359 0.818056 0.111719 0.336111
0 0.901172 0.490972 0.091406 0.154167
0 0.570312 0.447222 0.068750 0.091667
0 0.048438 0.481250 0.028125 0.084722
0 0.065625 0.533333 0.039062 0.108333
