0 0.723437 0.556944 0.078125 0.141667
0 0.614062 0.288889 0.043750 0.111111
0 0.898438 0.481250 0.056250 0.159722
0 0.782031 0.500000 0.067187 0.105556
0 0.069141 0.538889 0.044531 0.127778
0 0.417187 0.502778 0.078125 0.183333
0 0.539453 0.400000 0.046094 0.133333
0 0.351172 0.321528 0.046094 0.098611
0 0.816797 0.811806 0.114844 0.343056
0 0.495312 0.394444 0.040625 0.088889
0 0.580078 0.279167 0.036719 0.102778
0 0.436719 0.324306 0.048438 0.090278
0 0.469922 0.356944 0.025781 0.097222
0 0.319531 0.425694 0.057813 0.151389
0 0.551562 0.276389 0.040625 0.147222
0 0.452344 0.259028 0.029687 0.162500
0 0.590625 0.427083 0.059375 0.143056
0 0.273438 0.356944 0.043750 0.191667
0 0.128125 0.567361 0.053125 0.115278
0 0.233594 0.370833 0.039062 0.066667
0 0.153125 0.909028 0.070312 0.087500
0 0.177344 0.947569 0.042188 0.103472
