0 0.417969 0.502778 0.070312 0.172222
0 0.316406 0.412500 0.051562 0.122222
0 0.505078 0.386111 0.039844 0.100000
0 0.890625 0.638194 0.084375 0.273611
0 0.476172 0.356944 0.047656 0.102778
0 0.580469 0.281250 0.035937 0.109722
0 0.785156 0.476389 0.098437 0.136111
0 0.350781 0.323611 0.048438 0.097222
0 0.616797 0.286111 0.046094 0.116667
0 0.818359 0.818750 0.113281 0.337500
0 0.376953 0.470833 0.041406 0.147222
0 0.069531 0.534722 0.045312 0.125000
0 0.180859 0.956597 0.099219 0.085417
0 0.918359 0.502083 0.047656 0.145833
0 0.432422 0.335417 0.046094 0.076389
0 0.173437 0.913194 0.090625 0.165278
0 0.550391 0.268750 0.038281 0.134722
0 0.568750 0.379167 0.034375 0.102778
0 0.055469 0.516667 0.048438 0.166667
0 0.128516 0.563889 0.058594 0.116667
0 0.571094 0.446528 0.068750 0.095833
