0 0.708203 0.546528 0.063281 0.159722
0 0.787891 0.491667 0.092969 0.166667
0 0.418750 0.502778 0.071875 0.172222
0 0.614062 0.286806 0.046875 0.115278
0 0.350000 0.322222 0.050000 0.100000
0 0.478125 0.356250 0.043750 0.101389
0 0.901953 0.622222 0.078906 0.286111
0 0.316016 0.413889 0.050781 0.122222
0 0.579297 0.279167 0.033594 0.102778
0 0.378125 0.472222 0.043750 0.150000
0 0.504687 0.388889 0.039062 0.100000
0 0.432422 0.337500 0.046094 0.091667
0 0.173828 0.914583 0.091406 0.165278
0 0.181250 0.959375 0.093750 0.079861
0 0.550000 0.267361 0.037500 0.129167
0 0.907422 0.495833 0.036719 0.130556
0 0.068750 0.536111 0.043750 0.122222
0 0.558984 0.379861 0.046094 0.112500
0 0.825000 0.822222 0.121875 0.333333
0 0.569531 0.445833 0.067187 0.097222
0 0.051562 0.469444 0.032813 0.083333
0 0.121484 0.555556 0.044531 0.063889
