0 0.785937 0.490972 0.089063 0.176389
0 0.527734 0.391667 0.063281 0.119444
0 0.419531 0.503472 0.073438 0.173611
0 0.474609 0.356944 0.039844 0.091667
0 0.316797 0.413889 0.052344 0.116667
0 0.909375 0.610417 0.075000 0.270833
0 0.496484 0.379167 0.042969 0.080556
0 0.631641 0.587500 0.072656 0.211111
0 0.688281 0.556944 0.070312 0.163889
0 0.351172 0.320833 0.050781 0.102778
0 0.375781 0.478472 0.039062 0.159722
0 0.547656 0.276389 0.045312 0.141667
0 0.067969 0.536111 0.042188 0.122222
0 0.570703 0.437500 0.066406 0.113889
0 0.625000 0.292361 0.040625 0.098611
0 0.174609 0.912500 0.097656 0.163889
0 0.842187 0.756944 0.081250 0.211111
0 0.582812 0.281944 0.040625 0.108333
0 0.189844 0.955208 0.092188 0.088194
0 0.426563 0.345833 0.040625 0.069444
0 0.053125 0.494444 0.034375 0.122222
0 0.117578 0.547222 0.039844 0.052778
