0 0.792188 0.479861 0.081250 0.151389
0 0.723437 0.550000 0.078125 0.155556
0 0.892188 0.480556 0.059375 0.150000
0 0.505078 0.383333 0.036719 0.094444
0 0.612500 0.290972 0.043750 0.112500
0 0.069531 0.539583 0.045312 0.120833
0 0.534375 0.397917 0.054688 0.137500
0 0.353906 0.318750 0.048438 0.098611
0 0.439453 0.325000 0.028906 0.094444
0 0.816797 0.815278 0.114844 0.352778
0 0.130469 0.556944 0.053125 0.102778
0 0.463281 0.356250 0.029687 0.101389
0 0.088281 0.371528 0.026562 0.162500
0 0.576172 0.275000 0.033594 0.100000
0 0.590625 0.423611 0.059375 0.152778
0 0.416797 0.520833 0.078906 0.180556
0 0.171094 0.872222 0.079687 0.144444
0 0.292187 0.354861 0.031250 0.084722
0 0.312500 0.408333 0.071875 0.188889
0 0.548438 0.276389 0.046875 0.150000
0 0.189453 0.947569 0.057031 0.103472
