0 0.476953 0.352778 0.042969 0.100000
0 0.346094 0.326389 0.045312 0.108333
0 0.418359 0.504167 0.072656 0.169444
0 0.580469 0.281944 0.035937 0.111111
0 0.818750 0.820833 0.115625 0.341667
0 0.315625 0.413194 0.050000 0.123611
0 0.506250 0.386806 0.037500 0.101389
0 0.784766 0.476389 0.099219 0.136111
0 0.895312 0.630556 0.070312 0.272222
0 0.616797 0.286806 0.046094 0.120833
0 0.376563 0.466667 0.040625 0.138889
0 0.914453 0.502778 0.047656 0.133333
0 0.174609 0.912500 0.086719 0.163889
0 0.430859 0.340972 0.046094 0.070833
0 0.184766 0.958681 0.092969 0.081250
0 0.573828 0.381944 0.033594 0.102778
0 0.550000 0.270833 0.039062 0.138889
0 0.067578 0.534028 0.044531 0.126389
0 0.126562 0.563889 0.059375 0.111111
0 0.569922 0.447222 0.066406 0.094444
0 0.049609 0.515278 0.038281 0.169444
