0 0.787500 0.490972 0.090625 0.179167
0 0.618750 0.598611 0.085938 0.213889
0 0.694922 0.554167 0.075781 0.175000
0 0.315625 0.413889 0.051562 0.122222
0 0.348828 0.323611 0.049219 0.102778
0 0.857031 0.656944 0.115625 0.225000
0 0.425781 0.509028 0.076563 0.176389
0 0.539062 0.388194 0.062500 0.115278
0 0.380469 0.481944 0.045312 0.155556
0 0.844531 0.761806 0.085938 0.212500
0 0.427344 0.327083 0.029687 0.079167
0 0.624609 0.291667 0.041406 0.100000
0 0.548438 0.275000 0.050000 0.138889
0 0.568359 0.445139 0.063281 0.095833
0 0.144531 0.615278 0.092188 0.230556
0 0.474219 0.361111 0.035937 0.094444
0 0.070312 0.536111 0.045312 0.122222
0 0.504687 0.384722 0.031250 0.097222
0 0.582812 0.280556 0.039062 0.105556
0 0.050000 0.487500 0.029687 0.108333
0 0.150391 0.898611 0.064844 0.069444
0 0.177344 0.960764 0.065625 0.077083
