0 0.769922 0.481250 0.052344 0.137500
0 0.547656 0.390278 0.051562 0.130556
0 0.726953 0.551389 0.080469 0.152778
0 0.618359 0.286111 0.044531 0.116667
0 0.316406 0.413194 0.051562 0.120833
0 0.504687 0.387500 0.037500 0.097222
0 0.908203 0.620139 0.074219 0.268056
0 0.422266 0.503472 0.071094 0.173611
0 0.068359 0.538889 0.042969 0.116667
0 0.384375 0.465278 0.043750 0.169444
0 0.352344 0.322222 0.050000 0.097222
0 0.582031 0.279861 0.039062 0.104167
0 0.188672 0.960764 0.083594 0.077083
0 0.550781 0.269444 0.037500 0.133333
0 0.614062 0.532639 0.059375 0.295833
0 0.825781 0.730556 0.117188 0.141667
0 0.129688 0.561806 0.056250 0.106944
0 0.173828 0.920139 0.094531 0.156944
0 0.050781 0.490278 0.032813 0.119444
0 0.567187 0.441667 0.062500 0.094444
0 0.454688 0.358333 0.062500 0.100000
