0 0.785156 0.488194 0.089063 0.179167
0 0.419141 0.502083 0.074219 0.173611
0 0.069141 0.534028 0.044531 0.126389
0 0.316016 0.413194 0.052344 0.120833
0 0.342969 0.329167 0.045312 0.102778
0 0.524219 0.397917 0.064062 0.118056
0 0.467969 0.362500 0.035937 0.080556
0 0.918359 0.602083 0.072656 0.259722
0 0.376563 0.478472 0.040625 0.156944
0 0.547266 0.277778 0.046094 0.144444
0 0.570312 0.436111 0.065625 0.116667
0 0.496094 0.379167 0.042188 0.080556
0 0.625000 0.292361 0.040625 0.098611
0 0.180469 0.925347 0.085938 0.147917
0 0.841016 0.755556 0.077344 0.211111
0 0.658984 0.575694 0.091406 0.226389
0 0.053516 0.494444 0.033594 0.122222
0 0.694141 0.555556 0.072656 0.166667
0 0.582422 0.281250 0.041406 0.106944
0 0.187891 0.959375 0.086719 0.079861
0 0.428906 0.341667 0.039062 0.066667
0 0.121484 0.546528 0.046094 0.062500
