0 0.792188 0.481944 0.081250 0.147222
0 0.721875 0.555556 0.078125 0.144444
0 0.069141 0.537500 0.044531 0.125000
0 0.903906 0.488194 0.060937 0.162500
0 0.417578 0.504861 0.078906 0.181944
0 0.540625 0.400000 0.046875 0.133333
0 0.353125 0.318750 0.046875 0.098611
0 0.474219 0.353472 0.039062 0.095833
0 0.505469 0.386111 0.035937 0.100000
0 0.613672 0.294444 0.042969 0.116667
0 0.180469 0.880556 0.082812 0.150000
0 0.539062 0.297917 0.062500 0.173611
0 0.816406 0.813889 0.114062 0.350000
0 0.432422 0.327083 0.035156 0.073611
0 0.592187 0.424306 0.059375 0.151389
0 0.129688 0.556944 0.053125 0.102778
0 0.199609 0.955208 0.074219 0.088194
0 0.578516 0.284028 0.033594 0.118056
0 0.548438 0.229167 0.018750 0.058333
0 0.317969 0.427083 0.057813 0.148611
0 0.292578 0.352778 0.030469 0.077778
