0 0.710547 0.543056 0.060156 0.163889
0 0.613672 0.290278 0.044531 0.113889
0 0.464844 0.363889 0.029687 0.094444
0 0.069531 0.538194 0.045312 0.123611
0 0.789062 0.491667 0.092188 0.161111
0 0.833984 0.436806 0.061719 0.131944
0 0.503125 0.381944 0.037500 0.091667
0 0.429297 0.327778 0.042969 0.100000
0 0.352734 0.319444 0.047656 0.094444
0 0.532813 0.394444 0.053125 0.138889
0 0.816406 0.813889 0.114062 0.355556
0 0.425000 0.518056 0.078125 0.186111
0 0.546484 0.279167 0.046094 0.155556
0 0.130469 0.556944 0.051562 0.102778
0 0.576172 0.276389 0.036719 0.102778
0 0.589844 0.422222 0.060937 0.150000
0 0.064844 0.426389 0.037500 0.141667
0 0.292578 0.355556 0.032031 0.083333
0 0.159375 0.875000 0.087500 0.161111
0 0.312500 0.411111 0.068750 0.183333
0 0.182422 0.946875 0.057031 0.104861
