0 0.785937 0.489583 0.090625 0.173611
0 0.418750 0.502083 0.071875 0.170833
0 0.503125 0.387500 0.040625 0.102778
0 0.472266 0.356250 0.038281 0.095833
0 0.621875 0.293750 0.040625 0.115278
0 0.632031 0.586111 0.073438 0.216667
0 0.913281 0.604861 0.067187 0.256944
0 0.067578 0.537500 0.042969 0.119444
0 0.315625 0.413889 0.050000 0.116667
0 0.351562 0.322917 0.050000 0.098611
0 0.692969 0.548611 0.064062 0.175000
0 0.546875 0.274306 0.046875 0.137500
0 0.571875 0.383333 0.037500 0.105556
0 0.581250 0.284028 0.037500 0.112500
0 0.841406 0.755556 0.079687 0.211111
0 0.185938 0.958681 0.087500 0.081250
0 0.176563 0.919097 0.090625 0.160417
0 0.378125 0.477083 0.037500 0.156944
0 0.569922 0.445833 0.066406 0.091667
0 0.128125 0.556250 0.053125 0.106944
0 0.427344 0.343750 0.039062 0.065278
0 0.055859 0.518750 0.049219 0.165278
