0 0.731132 0.536124 0.068297 0.153943
0 0.304888 0.416050 0.039174 0.139054
0 0.782285 0.479397 0.053342 0.141604
0 0.071289 0.526966 0.053189 0.137693
0 0.134450 0.648095 0.067984 0.221481
0 0.618554 0.626446 0.082104 0.169385
0 0.543624 0.389501 0.042076 0.116590
0 0.513378 0.381088 0.036323 0.105851
0 0.248763 0.930332 0.075425 0.136740
0 0.385763 0.473386 0.086794 0.262426
0 0.572776 0.439682 0.070688 0.117874
0 0.584368 0.275266 0.032969 0.096944
0 0.438390 0.321311 0.045362 0.073973
0 0.039158 0.517303 0.036161 0.154662
0 0.481468 0.367042 0.033238 0.091331
0 0.166851 0.896802 0.086320 0.192563
0 0.874474 0.657165 0.091809 0.250940
0 0.613011 0.293071 0.046452 0.116506
0 0.549276 0.260554 0.036600 0.122123
