0 0.471159 0.356214 0.046696 0.081359
0 0.591590 0.446944 0.068910 0.178886
0 0.773676 0.438835 0.066518 0.206158
0 0.639531 0.600602 0.091371 0.202283
0 0.722291 0.492458 0.048311 0.212226
0 0.893305 0.422291 0.053710 0.255333
0 0.535580 0.406953 0.054362 0.112495
0 0.430542 0.332054 0.042759 0.088353
0 0.306194 0.418667 0.039345 0.135739
0 0.216241 0.936444 0.100034 0.127112
0 0.911429 0.639085 0.069026 0.267921
0 0.419668 0.502918 0.076691 0.179254
0 0.852113 0.405398 0.040121 0.230849
0 0.380096 0.482815 0.040494 0.157210
0 0.148643 0.892974 0.072843 0.179120
0 0.540207 0.268619 0.027693 0.126121
0 0.057226 0.521327 0.066610 0.166322
0 0.819779 0.820423 0.118841 0.351562
0 0.611358 0.291242 0.051197 0.117223
0 0.574704 0.274291 0.032291 0.093258
0 0.050601 0.488388 0.048357 0.099388
0 0.135027 0.603043 0.074632 0.162375
