0 0.472813 0.355174 0.044654 0.084480
0 0.385296 0.479604 0.045454 0.158993
0 0.591318 0.445481 0.068726 0.177672
0 0.640218 0.600680 0.092409 0.200708
0 0.433777 0.328425 0.037983 0.081990
0 0.893164 0.419447 0.053025 0.249420
0 0.429321 0.514563 0.078738 0.193590
0 0.306006 0.417488 0.038881 0.137411
0 0.742766 0.517101 0.056815 0.176476
0 0.535706 0.407251 0.054447 0.114932
0 0.852386 0.403102 0.043007 0.227823
0 0.217874 0.935457 0.102534 0.129086
0 0.819826 0.818313 0.122031 0.334544
0 0.598251 0.291804 0.039983 0.113439
0 0.122060 0.593773 0.047420 0.164916
0 0.887250 0.654328 0.069043 0.252823
0 0.052684 0.520922 0.056161 0.167820
0 0.539739 0.265983 0.025858 0.118352
0 0.775175 0.482889 0.039770 0.145084
0 0.152306 0.891572 0.085596 0.206086
0 0.570291 0.274955 0.030134 0.089079
