0 0.781580 0.488416 0.070101 0.160000
0 0.615904 0.604599 0.079813 0.208309
0 0.305915 0.416679 0.034877 0.129279
0 0.133893 0.646474 0.067727 0.222285
0 0.721457 0.546013 0.058969 0.151415
0 0.264033 0.926663 0.080304 0.146673
0 0.598735 0.288659 0.043415 0.119870
0 0.902511 0.500299 0.049190 0.126782
0 0.546498 0.403758 0.047649 0.124766
0 0.071804 0.527010 0.053396 0.137444
0 0.434589 0.327004 0.039593 0.092311
0 0.590051 0.434450 0.063661 0.147912
0 0.039872 0.518085 0.038149 0.155884
0 0.392496 0.514611 0.083158 0.316913
0 0.501518 0.392870 0.045781 0.092173
0 0.547484 0.259736 0.033186 0.121465
0 0.165168 0.892969 0.088458 0.204953
0 0.939080 0.574394 0.064427 0.255549
0 0.470281 0.352885 0.027239 0.068102
0 0.577695 0.267252 0.030542 0.078219
