0 0.705251 0.542744 0.060451 0.171365
0 0.767080 0.491220 0.052127 0.162452
0 0.384718 0.481093 0.046486 0.160844
0 0.552729 0.404678 0.048902 0.120992
0 0.596290 0.288563 0.042702 0.118982
0 0.870017 0.413357 0.059160 0.240086
0 0.436536 0.329499 0.043199 0.086406
0 0.305535 0.419942 0.040157 0.137367
0 0.634889 0.591293 0.090748 0.214619
0 0.182560 0.883960 0.076580 0.186754
0 0.433566 0.518082 0.070327 0.198430
0 0.877151 0.626792 0.085658 0.270868
0 0.594678 0.447174 0.061640 0.174912
0 0.479440 0.354808 0.031955 0.074265
0 0.754142 0.388832 0.047257 0.253842
0 0.824503 0.816719 0.107393 0.341104
0 0.540414 0.269182 0.028955 0.125008
0 0.224015 0.948412 0.081064 0.103177
0 0.057170 0.545133 0.052331 0.119743
0 0.117279 0.604168 0.052612 0.164820
0 0.047943 0.491904 0.051758 0.103159
