0 0.637907 0.597826 0.086334 0.202530
0 0.591309 0.446342 0.068704 0.177949
0 0.780766 0.431530 0.058199 0.211018
0 0.473294 0.353121 0.047207 0.085005
0 0.431157 0.513858 0.077116 0.192442
0 0.384535 0.481111 0.045517 0.161266
0 0.894638 0.422857 0.050635 0.257600
0 0.849461 0.444999 0.043829 0.158863
0 0.306054 0.417701 0.040063 0.137955
0 0.535520 0.407515 0.054143 0.113540
0 0.877253 0.641291 0.074960 0.256826
0 0.435970 0.327572 0.046926 0.073151
0 0.852735 0.364011 0.038782 0.148796
0 0.821066 0.815504 0.124138 0.346052
0 0.174824 0.864852 0.086681 0.177574
0 0.611959 0.322891 0.059486 0.157360
0 0.573005 0.278625 0.034602 0.099807
0 0.050652 0.521223 0.055023 0.165191
0 0.540373 0.268238 0.028146 0.126614
0 0.134686 0.599611 0.074672 0.171067
0 0.217313 0.933725 0.085099 0.132549
