0 0.472701 0.355253 0.044014 0.083689
0 0.791615 0.487620 0.083242 0.138985
0 0.721695 0.542510 0.099768 0.171908
0 0.596319 0.290855 0.040872 0.113433
0 0.385055 0.480134 0.045075 0.158307
0 0.430703 0.516572 0.079973 0.193677
0 0.181851 0.892918 0.071905 0.182340
0 0.535213 0.408132 0.054107 0.114181
0 0.311333 0.409481 0.043162 0.126888
0 0.439915 0.325804 0.037715 0.081390
0 0.893710 0.420772 0.053908 0.252835
0 0.591574 0.447423 0.068108 0.175428
0 0.636271 0.596341 0.085250 0.209547
0 0.878668 0.631075 0.077779 0.264276
0 0.849918 0.400152 0.040025 0.229302
0 0.540582 0.268821 0.028431 0.124929
0 0.121935 0.591302 0.051347 0.160382
0 0.053197 0.520466 0.058609 0.167113
0 0.218641 0.948374 0.098351 0.103252
0 0.834857 0.759981 0.078528 0.208780
0 0.819741 0.819222 0.117274 0.328223
