0 0.473782 0.355342 0.045224 0.083710
0 0.628426 0.595412 0.085200 0.215439
0 0.591604 0.446139 0.068653 0.178062
0 0.882851 0.645028 0.084329 0.262027
0 0.221741 0.931832 0.109193 0.136337
0 0.893989 0.423599 0.052377 0.251315
0 0.390640 0.479310 0.058543 0.163265
0 0.535857 0.406562 0.054354 0.112463
0 0.432797 0.326521 0.046035 0.086084
0 0.051647 0.520431 0.057393 0.166282
0 0.164537 0.918448 0.087819 0.159641
0 0.431098 0.513621 0.067796 0.176283
0 0.851244 0.402708 0.039400 0.226935
0 0.315305 0.405986 0.048496 0.159624
0 0.615918 0.294983 0.046927 0.117903
0 0.815997 0.808470 0.112486 0.343660
0 0.579490 0.276488 0.033799 0.099607
0 0.121373 0.589390 0.046090 0.158348
0 0.065010 0.537160 0.039688 0.119892
