0 0.790037 0.490948 0.085546 0.167246
0 0.630005 0.594149 0.075074 0.211661
0 0.706395 0.539837 0.055925 0.170979
0 0.597471 0.287449 0.042714 0.119607
0 0.836177 0.402477 0.059850 0.233279
0 0.434788 0.332117 0.044502 0.079369
0 0.398369 0.493457 0.069174 0.192447
0 0.479316 0.354720 0.031556 0.070086
0 0.183202 0.891719 0.076918 0.192644
0 0.310680 0.411862 0.046513 0.133682
0 0.912117 0.613562 0.070422 0.272985
0 0.555214 0.392751 0.050745 0.133036
0 0.814965 0.324613 0.045312 0.129069
0 0.789609 0.384126 0.060329 0.176981
0 0.550423 0.259147 0.029085 0.116376
0 0.046254 0.521377 0.050528 0.163922
0 0.121739 0.605949 0.060741 0.213597
0 0.066248 0.538080 0.042458 0.119971
0 0.155246 0.407069 0.035132 0.178209
0 0.586531 0.437401 0.049164 0.110930
0 0.222847 0.949509 0.087960 0.100981
