0 0.435650 0.330149 0.042601 0.085988
0 0.791498 0.495247 0.086276 0.158955
0 0.597893 0.287742 0.042861 0.120681
0 0.705571 0.541986 0.055394 0.171946
0 0.303828 0.421623 0.040535 0.139033
0 0.627615 0.446947 0.073992 0.194105
0 0.815538 0.372489 0.050793 0.243420
0 0.398606 0.494551 0.069161 0.191109
0 0.479573 0.355108 0.031067 0.070845
0 0.852730 0.406843 0.050663 0.230113
0 0.181766 0.886783 0.068849 0.184227
0 0.552883 0.398259 0.053062 0.136021
0 0.629176 0.593225 0.081444 0.226191
0 0.550483 0.261089 0.029739 0.116949
0 0.885142 0.612802 0.080984 0.231027
0 0.066785 0.537004 0.042853 0.119792
0 0.046507 0.520637 0.050532 0.165515
0 0.214175 0.948185 0.100791 0.103631
0 0.587786 0.426574 0.045622 0.130307
0 0.123309 0.606336 0.065829 0.213598
0 0.575216 0.271145 0.025184 0.082466
