0 0.780825 0.493508 0.070339 0.150506
0 0.072383 0.526889 0.053802 0.136124
0 0.597581 0.289023 0.044882 0.120301
0 0.590354 0.445583 0.064503 0.172397
0 0.713679 0.538611 0.046304 0.164500
0 0.134137 0.646024 0.066971 0.222963
0 0.308618 0.414700 0.038320 0.129679
0 0.622057 0.608958 0.080470 0.204722
0 0.547300 0.405404 0.046392 0.121554
0 0.222644 0.930134 0.130515 0.139732
0 0.432405 0.327825 0.041646 0.089340
0 0.903099 0.500349 0.049774 0.125984
0 0.039479 0.517366 0.036962 0.154878
0 0.392316 0.514593 0.082224 0.315865
0 0.548449 0.259990 0.032241 0.120220
0 0.157267 0.889226 0.082917 0.142255
0 0.944758 0.571433 0.056275 0.252487
0 0.467286 0.351635 0.027312 0.065744
0 0.932020 0.607748 0.086572 0.330993
0 0.493342 0.382565 0.054797 0.105522
