0 0.637586 0.595604 0.090985 0.213243
0 0.473421 0.355238 0.045657 0.084593
0 0.591214 0.445059 0.068998 0.177008
0 0.217137 0.935496 0.097423 0.129008
0 0.385771 0.480757 0.049752 0.162109
0 0.431807 0.513740 0.076108 0.194899
0 0.883234 0.645469 0.089429 0.263154
0 0.893143 0.423521 0.053209 0.254792
0 0.535617 0.407600 0.054541 0.114057
0 0.165581 0.919636 0.087188 0.158514
0 0.842087 0.436444 0.064241 0.180473
0 0.318715 0.406072 0.042833 0.157127
0 0.419344 0.327598 0.068751 0.084079
0 0.852552 0.353293 0.042453 0.127163
0 0.575528 0.272519 0.029286 0.099217
0 0.053000 0.519881 0.059819 0.167512
0 0.818365 0.807426 0.116261 0.330732
0 0.436536 0.328013 0.033694 0.083498
0 0.122177 0.589086 0.044114 0.159745
0 0.609772 0.301539 0.058742 0.105619
0 0.542912 0.269784 0.033570 0.128559
