0 0.469768 0.355285 0.044890 0.082091
0 0.591052 0.445460 0.068495 0.177350
0 0.782083 0.432099 0.062524 0.215157
0 0.217897 0.935012 0.096651 0.129976
0 0.894002 0.419648 0.053191 0.255361
0 0.882309 0.644481 0.085713 0.267141
0 0.437684 0.521652 0.068417 0.194685
0 0.853822 0.442939 0.045240 0.160166
0 0.815908 0.818184 0.113354 0.339031
0 0.435164 0.327405 0.047209 0.077687
0 0.535578 0.407335 0.054384 0.112706
0 0.305914 0.418384 0.040399 0.136212
0 0.165377 0.918742 0.092059 0.159376
0 0.653161 0.595705 0.112558 0.196394
0 0.851973 0.359424 0.040061 0.139431
0 0.387933 0.483205 0.051125 0.160731
0 0.052842 0.520351 0.059474 0.165708
0 0.612099 0.295913 0.058482 0.112536
0 0.570781 0.273676 0.030206 0.089216
0 0.120536 0.590130 0.045124 0.153457
0 0.549268 0.274044 0.044930 0.136642
