0 0.791632 0.435202 0.063258 0.209081
0 0.591035 0.445923 0.068762 0.176568
0 0.639363 0.599855 0.091344 0.203669
0 0.472753 0.354982 0.046091 0.082955
0 0.893133 0.422710 0.053272 0.256789
0 0.728249 0.485285 0.060043 0.222170
0 0.382364 0.481478 0.049657 0.159095
0 0.431037 0.514141 0.074607 0.191963
0 0.306053 0.419334 0.040107 0.135277
0 0.852561 0.405168 0.040209 0.231360
0 0.535591 0.406733 0.054667 0.110998
0 0.905935 0.613520 0.070771 0.276585
0 0.817571 0.817011 0.116788 0.335005
0 0.436201 0.329799 0.048214 0.076316
0 0.054425 0.520911 0.058224 0.166638
0 0.571848 0.277259 0.031256 0.097572
0 0.211206 0.940650 0.083215 0.118699
0 0.150962 0.873335 0.083527 0.156003
0 0.610318 0.299878 0.058027 0.108852
0 0.135494 0.602352 0.075118 0.164523
