0 0.472683 0.353836 0.044188 0.087031
0 0.384838 0.480448 0.045370 0.157552
0 0.437288 0.328477 0.040980 0.080925
0 0.181767 0.894101 0.073786 0.199610
0 0.871628 0.412805 0.064812 0.232428
0 0.308583 0.413121 0.039230 0.135056
0 0.597006 0.289952 0.040319 0.113522
0 0.552455 0.403068 0.048702 0.125716
0 0.429050 0.513869 0.077985 0.192676
0 0.635016 0.599880 0.091882 0.199992
0 0.835323 0.398952 0.045107 0.231926
0 0.594941 0.446853 0.060871 0.172424
0 0.876858 0.634374 0.077823 0.265868
0 0.767295 0.508289 0.079090 0.152994
0 0.229753 0.944038 0.075607 0.111924
0 0.809705 0.834918 0.102936 0.312524
0 0.539345 0.267964 0.027618 0.123814
0 0.707998 0.546506 0.053968 0.158957
0 0.054692 0.520616 0.059032 0.168346
0 0.118922 0.597218 0.050952 0.159585
0 0.050439 0.489980 0.047241 0.103801
