0 0.714456 0.541542 0.070555 0.170494
0 0.790666 0.492235 0.087219 0.162691
0 0.434664 0.329989 0.044258 0.080553
0 0.633715 0.595176 0.083700 0.210868
0 0.597570 0.287664 0.044057 0.119905
0 0.182014 0.886332 0.072614 0.190360
0 0.398286 0.493123 0.068749 0.192725
0 0.312378 0.413058 0.045356 0.141995
0 0.479524 0.355585 0.031392 0.069612
0 0.552856 0.396779 0.047943 0.134802
0 0.832131 0.404498 0.069568 0.231663
0 0.233894 0.939234 0.087124 0.121532
0 0.234003 0.545415 0.062425 0.312706
0 0.547445 0.258479 0.025887 0.118720
0 0.880202 0.644095 0.088147 0.263399
0 0.812194 0.395957 0.039268 0.204206
0 0.049773 0.521203 0.056140 0.165332
0 0.592154 0.447857 0.063267 0.169938
0 0.123720 0.606477 0.065242 0.218488
0 0.066432 0.539708 0.040220 0.114053
