0 0.780051 0.493230 0.072135 0.156549
0 0.632618 0.595383 0.081674 0.210419
0 0.715171 0.540620 0.069747 0.170357
0 0.597626 0.287901 0.044340 0.118417
0 0.307647 0.413272 0.039877 0.138891
0 0.830376 0.398660 0.044907 0.225681
0 0.398973 0.494660 0.068339 0.191153
0 0.434540 0.330879 0.044604 0.077597
0 0.541436 0.394858 0.051303 0.129776
0 0.156081 0.871380 0.082108 0.200264
0 0.112835 0.602939 0.062327 0.159550
0 0.551509 0.258216 0.029587 0.113048
0 0.592555 0.446124 0.062887 0.176008
0 0.051149 0.521019 0.058282 0.164200
0 0.873186 0.408369 0.046840 0.231170
0 0.480446 0.357746 0.030661 0.069407
0 0.880261 0.637818 0.076405 0.247684
0 0.065133 0.542818 0.043520 0.115023
0 0.218947 0.938364 0.096033 0.123272
