0 0.472937 0.353845 0.043927 0.087308
0 0.437793 0.328753 0.039882 0.079335
0 0.596970 0.289703 0.041418 0.113752
0 0.181099 0.891636 0.074108 0.190515
0 0.634569 0.594250 0.089367 0.211374
0 0.383710 0.479690 0.047182 0.158361
0 0.711473 0.542889 0.063838 0.167287
0 0.552545 0.404987 0.048677 0.121016
0 0.770176 0.500507 0.079587 0.152035
0 0.428938 0.514070 0.079504 0.189997
0 0.308344 0.412142 0.039861 0.135594
0 0.825833 0.394844 0.051823 0.246694
0 0.594757 0.448855 0.060981 0.172179
0 0.858533 0.407517 0.070954 0.231782
0 0.223369 0.939074 0.104664 0.121852
0 0.875658 0.635003 0.079802 0.267503
0 0.808431 0.829397 0.097702 0.297343
0 0.539567 0.268416 0.027981 0.124893
0 0.057371 0.543777 0.056941 0.119337
0 0.119945 0.595955 0.054081 0.175637
0 0.566080 0.278723 0.029981 0.102479
