0 0.790471 0.487977 0.087139 0.158104
0 0.715924 0.542616 0.073549 0.171068
0 0.434957 0.324678 0.038424 0.073238
0 0.536205 0.401502 0.054566 0.133493
0 0.598312 0.289796 0.041650 0.115610
0 0.625821 0.610623 0.093611 0.204527
0 0.311990 0.411161 0.045302 0.133580
0 0.182360 0.879823 0.074816 0.189876
0 0.427447 0.510703 0.074367 0.192350
0 0.879324 0.414432 0.063467 0.230137
0 0.119476 0.620966 0.057643 0.201429
0 0.467257 0.350761 0.040281 0.089511
0 0.384218 0.482266 0.042171 0.160486
0 0.849848 0.412913 0.065853 0.203095
0 0.595115 0.441253 0.060589 0.161237
0 0.249404 0.628320 0.077012 0.366368
0 0.545909 0.268271 0.040804 0.125124
0 0.876563 0.632060 0.087331 0.283276
0 0.578996 0.271109 0.030204 0.087355
0 0.223209 0.949634 0.083652 0.100733
0 0.056711 0.545154 0.049872 0.118313
