0 0.590951 0.445888 0.068609 0.177207
0 0.772520 0.438828 0.064279 0.206046
0 0.636099 0.598000 0.084020 0.200966
0 0.430244 0.514644 0.076316 0.192548
0 0.720843 0.493192 0.047955 0.210885
0 0.893731 0.414155 0.052271 0.240003
0 0.471774 0.355401 0.048689 0.081003
0 0.535583 0.407427 0.054020 0.114049
0 0.853042 0.403686 0.042365 0.232697
0 0.306369 0.418998 0.039731 0.135998
0 0.383344 0.481436 0.041720 0.157761
0 0.435787 0.328172 0.048102 0.074540
0 0.889190 0.641075 0.078275 0.267458
0 0.228583 0.936360 0.087934 0.121479
0 0.820515 0.822342 0.121540 0.345356
0 0.611338 0.290759 0.049659 0.116585
0 0.053474 0.521272 0.059755 0.165868
0 0.149887 0.896275 0.079588 0.176886
0 0.573233 0.274348 0.034516 0.095211
0 0.540617 0.266363 0.029040 0.124093
0 0.134820 0.604235 0.074916 0.165389
