0 0.781108 0.488452 0.070598 0.157485
0 0.722675 0.547030 0.059962 0.147608
0 0.071081 0.527023 0.053127 0.137175
0 0.260603 0.926634 0.086129 0.146732
0 0.134286 0.647704 0.067468 0.222007
0 0.617898 0.627352 0.079263 0.167024
0 0.879924 0.640935 0.085449 0.272744
0 0.308302 0.414990 0.041973 0.139592
0 0.583927 0.278305 0.032982 0.103422
0 0.385794 0.472785 0.087054 0.263171
0 0.167352 0.898906 0.087647 0.198208
0 0.572131 0.438378 0.069614 0.119950
0 0.438815 0.322771 0.045836 0.076561
0 0.510987 0.377490 0.035540 0.109809
0 0.540294 0.393898 0.039524 0.108606
0 0.039887 0.517682 0.035643 0.157636
0 0.480494 0.363266 0.030457 0.084137
0 0.548227 0.259215 0.033388 0.119555
0 0.616435 0.291285 0.046379 0.123673
