0 0.642333 0.599352 0.130665 0.222932
0 0.433862 0.328585 0.037532 0.082181
0 0.161469 0.910852 0.088073 0.175184
0 0.423763 0.504061 0.071301 0.172249
0 0.893633 0.423350 0.054555 0.248111
0 0.882393 0.632890 0.074557 0.263444
0 0.381328 0.479148 0.042066 0.162362
0 0.531954 0.407239 0.060444 0.114555
0 0.213110 0.928733 0.095321 0.142534
0 0.306527 0.414782 0.040896 0.146699
0 0.851314 0.402837 0.040796 0.226932
0 0.469925 0.358412 0.043266 0.079839
0 0.060538 0.545340 0.043999 0.116805
0 0.592557 0.429952 0.064450 0.144150
0 0.576780 0.277036 0.028211 0.096054
0 0.592449 0.491616 0.070030 0.266097
0 0.118131 0.596015 0.048461 0.160765
0 0.603347 0.298746 0.046349 0.113428
0 0.549468 0.271171 0.047452 0.133762
