0 0.779790 0.488370 0.073512 0.164143
0 0.632391 0.595325 0.080657 0.208812
0 0.597809 0.288290 0.044846 0.118236
0 0.715187 0.539936 0.070348 0.167982
0 0.434697 0.330263 0.043883 0.076087
0 0.307187 0.414981 0.038948 0.134293
0 0.882534 0.425504 0.046663 0.236274
0 0.398472 0.494162 0.069254 0.189335
0 0.541183 0.394442 0.053438 0.130962
0 0.830371 0.398794 0.042766 0.222908
0 0.039800 0.517934 0.037374 0.155179
0 0.480813 0.358143 0.035574 0.067531
0 0.592992 0.446291 0.063264 0.176576
0 0.113694 0.604882 0.060464 0.161527
0 0.550617 0.258324 0.029355 0.112596
0 0.154570 0.873032 0.076339 0.207308
0 0.225728 0.937568 0.080735 0.123183
0 0.071612 0.531930 0.049041 0.126691
0 0.883304 0.632706 0.072108 0.193505
