0 0.783547 0.487807 0.072993 0.158808
0 0.472875 0.356097 0.042177 0.082036
0 0.699153 0.547784 0.072457 0.167420
0 0.596611 0.290043 0.040551 0.113274
0 0.439303 0.330644 0.036254 0.083254
0 0.384029 0.479672 0.047191 0.158727
0 0.533333 0.405257 0.059399 0.124871
0 0.180427 0.893629 0.074317 0.180535
0 0.430289 0.516724 0.080418 0.193494
0 0.311649 0.409259 0.043222 0.127236
0 0.892555 0.422596 0.052833 0.256115
0 0.598741 0.444035 0.064522 0.175429
0 0.847818 0.400739 0.041614 0.230333
0 0.877233 0.634478 0.075652 0.265433
0 0.635166 0.596632 0.094278 0.215665
0 0.539625 0.267277 0.028561 0.123757
0 0.122043 0.591839 0.051355 0.162684
0 0.051523 0.521247 0.057035 0.165831
0 0.218639 0.948584 0.097616 0.102833
0 0.819469 0.823021 0.119102 0.326837
