0 0.470921 0.354086 0.047934 0.083447
0 0.771569 0.439323 0.065553 0.213283
0 0.591318 0.445761 0.068519 0.178490
0 0.419713 0.504131 0.073926 0.174617
0 0.638935 0.600499 0.091372 0.202510
0 0.721956 0.492081 0.047893 0.212123
0 0.306134 0.418346 0.039082 0.135226
0 0.535601 0.406593 0.053656 0.113449
0 0.892108 0.417851 0.054650 0.247953
0 0.891187 0.629852 0.071763 0.280166
0 0.852053 0.404759 0.040458 0.231371
0 0.217175 0.936031 0.103533 0.127937
0 0.431924 0.329944 0.039504 0.085799
0 0.821782 0.822560 0.124122 0.339622
0 0.378849 0.483028 0.039088 0.157241
0 0.149223 0.897047 0.074357 0.182060
0 0.611642 0.291978 0.052129 0.118067
0 0.540323 0.267117 0.028251 0.122475
0 0.123287 0.589265 0.044954 0.160462
0 0.573643 0.272311 0.034044 0.090331
0 0.056379 0.520951 0.065112 0.166834
0 0.048854 0.488775 0.045390 0.099905
