0 0.780883 0.488082 0.070988 0.157965
0 0.722092 0.534264 0.061896 0.177616
0 0.598086 0.289292 0.042991 0.118321
0 0.590142 0.445727 0.064530 0.172593
0 0.072293 0.527695 0.052557 0.135842
0 0.435988 0.332749 0.040886 0.096048
0 0.624529 0.608083 0.087050 0.205164
0 0.134524 0.640980 0.068346 0.230360
0 0.307470 0.415797 0.035508 0.129145
0 0.540203 0.403342 0.054144 0.119302
0 0.039074 0.514785 0.035585 0.147528
0 0.481135 0.355317 0.030909 0.075427
0 0.395822 0.513039 0.103694 0.330314
0 0.226120 0.937715 0.086371 0.124570
0 0.549441 0.261189 0.033735 0.125206
0 0.134815 0.855156 0.104854 0.219053
0 0.902193 0.626375 0.058423 0.259834
