0 0.642336 0.600737 0.131252 0.223883
0 0.433754 0.330236 0.037769 0.078763
0 0.213453 0.929049 0.094298 0.141903
0 0.160765 0.908358 0.086204 0.175679
0 0.424001 0.504625 0.071697 0.173815
0 0.305706 0.411763 0.036266 0.140750
0 0.380945 0.478433 0.044495 0.165563
0 0.893810 0.417444 0.052587 0.236523
0 0.535776 0.408202 0.055295 0.115602
0 0.851392 0.404728 0.040220 0.229566
0 0.470348 0.356431 0.042841 0.082087
0 0.879955 0.629435 0.079112 0.269854
0 0.591998 0.431194 0.065425 0.147363
0 0.809014 0.824511 0.126521 0.347294
0 0.061127 0.545979 0.046994 0.117595
0 0.576685 0.276193 0.027807 0.095254
0 0.591925 0.492124 0.071879 0.269469
0 0.605071 0.297629 0.051574 0.112257
0 0.549178 0.271041 0.046919 0.133829
