0 0.780728 0.488046 0.071880 0.163633
0 0.706018 0.541694 0.050549 0.162429
0 0.597824 0.288043 0.044620 0.119121
0 0.434485 0.329333 0.044220 0.076170
0 0.548558 0.395657 0.045440 0.137796
0 0.398364 0.494852 0.069262 0.191679
0 0.307711 0.414733 0.040430 0.138974
0 0.629853 0.604226 0.088332 0.205225
0 0.071894 0.535752 0.053527 0.124638
0 0.870669 0.431159 0.046581 0.208209
0 0.550661 0.257936 0.029242 0.112135
0 0.480305 0.359042 0.036720 0.067761
0 0.884610 0.625662 0.063555 0.248978
0 0.040586 0.518659 0.037602 0.159172
0 0.119642 0.618869 0.057061 0.195430
0 0.149080 0.877753 0.082685 0.210711
0 0.592948 0.433652 0.063133 0.151429
0 0.229493 0.941067 0.085874 0.117866
