0 0.438009 0.326217 0.038212 0.083655
0 0.472334 0.355334 0.044670 0.083258
0 0.591255 0.447871 0.068837 0.173214
0 0.765682 0.486996 0.053933 0.121605
0 0.640741 0.599813 0.089226 0.197995
0 0.893456 0.423244 0.053934 0.257019
0 0.384829 0.480025 0.045380 0.159307
0 0.431466 0.516445 0.080120 0.191552
0 0.535340 0.407528 0.054569 0.112406
0 0.726915 0.546986 0.104095 0.166996
0 0.180408 0.887982 0.074604 0.193413
0 0.307554 0.416129 0.037004 0.143741
0 0.852437 0.403099 0.041695 0.227838
0 0.594811 0.291367 0.042847 0.115555
0 0.121945 0.590889 0.050630 0.160317
0 0.869021 0.668770 0.137469 0.251856
0 0.052969 0.520545 0.058484 0.167992
0 0.537163 0.270652 0.032120 0.121706
0 0.218029 0.947608 0.099031 0.104785
0 0.840357 0.760836 0.086754 0.212422
