0 0.715646 0.541443 0.072921 0.169812
0 0.435968 0.327113 0.039416 0.082271
0 0.790952 0.488292 0.086820 0.154296
0 0.613437 0.615172 0.071078 0.195111
0 0.597269 0.287855 0.041488 0.118228
0 0.439510 0.519631 0.077135 0.197965
0 0.182901 0.879947 0.075933 0.189399
0 0.880968 0.410355 0.060217 0.229492
0 0.387071 0.481966 0.049402 0.157297
0 0.306215 0.414733 0.039722 0.142481
0 0.472628 0.350696 0.039419 0.092566
0 0.119450 0.621741 0.058659 0.202875
0 0.843361 0.398910 0.046878 0.235037
0 0.521328 0.411009 0.075449 0.114336
0 0.877299 0.636818 0.089559 0.269756
0 0.545946 0.268467 0.039966 0.125337
0 0.420742 0.923451 0.108339 0.153097
0 0.051297 0.521395 0.062772 0.168148
0 0.226441 0.947188 0.087135 0.105624
0 0.576379 0.271535 0.025899 0.085071
0 0.593103 0.444075 0.062850 0.166990
