0 0.782235 0.488729 0.068966 0.159895
0 0.436234 0.332358 0.039545 0.095777
0 0.722108 0.544212 0.061665 0.158180
0 0.597494 0.288890 0.044001 0.117963
0 0.622869 0.604219 0.082782 0.206899
0 0.071789 0.527160 0.053871 0.133569
0 0.134059 0.643603 0.067327 0.225656
0 0.547257 0.395400 0.046241 0.139729
0 0.307670 0.415049 0.036049 0.133546
0 0.590108 0.435895 0.064457 0.155044
0 0.171650 0.889587 0.085127 0.201521
0 0.398803 0.515688 0.093185 0.316164
0 0.038841 0.514481 0.034769 0.147359
0 0.222181 0.932073 0.102512 0.135855
0 0.549026 0.258610 0.033662 0.121618
0 0.942449 0.554873 0.064400 0.240765
0 0.495699 0.386435 0.053379 0.101192
0 0.468217 0.354541 0.026465 0.070898
