0 0.779643 0.490920 0.072851 0.165279
0 0.634113 0.595037 0.084498 0.212862
0 0.715713 0.540504 0.070250 0.169068
0 0.597725 0.288090 0.044487 0.120872
0 0.306951 0.413442 0.038932 0.138968
0 0.398437 0.492777 0.069485 0.188222
0 0.434679 0.331157 0.044793 0.080381
0 0.541556 0.397234 0.052392 0.130011
0 0.817777 0.382628 0.062988 0.254993
0 0.869755 0.413573 0.052703 0.237824
0 0.152445 0.854986 0.101178 0.184813
0 0.480304 0.350968 0.033493 0.083395
0 0.551139 0.258989 0.029343 0.112735
0 0.218324 0.918241 0.096459 0.163519
0 0.593077 0.446103 0.060793 0.171159
0 0.040777 0.521044 0.038421 0.164926
0 0.066665 0.539655 0.039440 0.117043
0 0.881134 0.653608 0.084223 0.242846
0 0.121355 0.611002 0.058621 0.203959
