0 0.716536 0.540236 0.067219 0.170485
0 0.785885 0.497696 0.102106 0.159718
0 0.629366 0.613234 0.100550 0.202312
0 0.435225 0.331038 0.041438 0.085953
0 0.597700 0.288532 0.041587 0.116442
0 0.312325 0.411891 0.044838 0.129733
0 0.426089 0.508574 0.071890 0.175085
0 0.880406 0.418089 0.062542 0.238550
0 0.183225 0.881780 0.074618 0.193378
0 0.533394 0.405355 0.063034 0.131965
0 0.595079 0.447683 0.060548 0.175035
0 0.386840 0.482766 0.043585 0.158236
0 0.477346 0.359141 0.038763 0.099289
0 0.851165 0.416321 0.064428 0.198937
0 0.884455 0.627070 0.085806 0.273539
0 0.546443 0.268853 0.041633 0.126301
0 0.049909 0.521752 0.056478 0.169237
0 0.188745 0.433765 0.060602 0.226019
0 0.123276 0.591761 0.049133 0.165205
0 0.226710 0.947846 0.081127 0.104309
