0 0.706250 0.547222 0.062500 0.161111
0 0.788281 0.493056 0.093750 0.158333
0 0.418750 0.503472 0.073438 0.170833
0 0.477344 0.356944 0.042188 0.102778
0 0.315625 0.412500 0.050000 0.122222
0 0.505078 0.388194 0.035156 0.101389
0 0.617578 0.287500 0.046094 0.119444
0 0.349609 0.323611 0.049219 0.100000
0 0.579688 0.279167 0.034375 0.102778
0 0.900781 0.626389 0.076563 0.286111
0 0.432031 0.334722 0.045312 0.086111
0 0.378125 0.472917 0.043750 0.145833
0 0.174609 0.912500 0.086719 0.163889
0 0.549609 0.266667 0.036719 0.127778
0 0.909375 0.494444 0.040625 0.127778
0 0.189062 0.957986 0.090625 0.082639
0 0.142969 0.615278 0.089063 0.219444
0 0.825391 0.823611 0.122656 0.330556
0 0.552734 0.381944 0.052344 0.105556
0 0.571875 0.445833 0.068750 0.097222
0 0.048047 0.470139 0.027344 0.081944
0 0.065234 0.537500 0.033594 0.127778
