0 0.547656 0.390278 0.050000 0.130556
0 0.728125 0.547222 0.079687 0.161111
0 0.617969 0.286806 0.045312 0.118056
0 0.422266 0.503472 0.071094 0.176389
0 0.776953 0.502778 0.061719 0.094444
0 0.505078 0.387500 0.036719 0.097222
0 0.913281 0.615278 0.067187 0.269444
0 0.316797 0.413194 0.052344 0.118056
0 0.351562 0.322222 0.046875 0.100000
0 0.627344 0.581944 0.051562 0.186111
0 0.553516 0.269444 0.042969 0.133333
0 0.385937 0.464583 0.043750 0.165278
0 0.189062 0.960764 0.081250 0.077083
0 0.060547 0.515972 0.058594 0.170833
0 0.173828 0.920139 0.094531 0.156944
0 0.825781 0.731944 0.117188 0.141667
0 0.068750 0.537500 0.043750 0.119444
0 0.582031 0.281250 0.039062 0.098611
0 0.454688 0.359028 0.062500 0.098611
0 0.128906 0.565278 0.054688 0.113889
0 0.568750 0.446528 0.067187 0.090278
