0 0.439844 0.518750 0.079687 0.198611
0 0.639844 0.520139 0.076563 0.265278
0 0.528906 0.404861 0.064062 0.129167
0 0.351562 0.321528 0.046875 0.106944
0 0.722266 0.558333 0.071094 0.136111
0 0.432812 0.324306 0.031250 0.090278
0 0.475000 0.355556 0.037500 0.094444
0 0.770312 0.488889 0.062500 0.122222
0 0.612500 0.293056 0.045312 0.102778
0 0.816016 0.814583 0.117969 0.345833
0 0.591016 0.421528 0.057031 0.140278
0 0.322656 0.421528 0.054688 0.154167
0 0.053906 0.520139 0.064062 0.168056
0 0.160547 0.876389 0.082031 0.136111
0 0.499219 0.377778 0.035937 0.077778
0 0.068359 0.537500 0.042969 0.119444
0 0.292578 0.356250 0.030469 0.081944
0 0.581250 0.281250 0.037500 0.101389
0 0.128906 0.562500 0.051562 0.108333
0 0.539062 0.267361 0.028125 0.131944
0 0.175391 0.902431 0.114844 0.193750
