0 0.792188 0.482639 0.081250 0.145833
0 0.722656 0.556250 0.076563 0.145833
0 0.069141 0.538194 0.044531 0.126389
0 0.430859 0.325694 0.038281 0.087500
0 0.900781 0.500000 0.067187 0.138889
0 0.613281 0.290278 0.042188 0.111111
0 0.417187 0.503472 0.078125 0.181944
0 0.542188 0.398611 0.045312 0.136111
0 0.475000 0.358333 0.037500 0.100000
0 0.180859 0.881944 0.082031 0.152778
0 0.351953 0.321528 0.049219 0.098611
0 0.539062 0.298611 0.062500 0.175000
0 0.817187 0.812500 0.115625 0.347222
0 0.505469 0.388889 0.034375 0.100000
0 0.130078 0.557639 0.052344 0.101389
0 0.200781 0.957986 0.073438 0.082639
0 0.591797 0.422917 0.058594 0.151389
0 0.292578 0.356944 0.035156 0.080556
0 0.548438 0.229861 0.017188 0.056944
0 0.311719 0.410417 0.070312 0.181944
0 0.576562 0.262500 0.031250 0.080556
