0 0.776953 0.476389 0.069531 0.152778
0 0.346875 0.325694 0.046875 0.109722
0 0.417187 0.503472 0.071875 0.170833
0 0.621875 0.292361 0.040625 0.115278
0 0.725781 0.551389 0.070312 0.150000
0 0.507812 0.393056 0.034375 0.091667
0 0.881641 0.640972 0.080469 0.262500
0 0.315625 0.415972 0.050000 0.115278
0 0.819531 0.819444 0.117188 0.333333
0 0.687500 0.501389 0.059375 0.280556
0 0.476953 0.355556 0.041406 0.100000
0 0.378906 0.469444 0.040625 0.138889
0 0.571484 0.382639 0.041406 0.104167
0 0.173437 0.920486 0.096875 0.157639
0 0.057813 0.517361 0.053125 0.165278
0 0.581250 0.283333 0.040625 0.111111
0 0.429297 0.343750 0.039844 0.070833
0 0.181250 0.959375 0.096875 0.079861
0 0.068750 0.534722 0.043750 0.125000
0 0.128125 0.557639 0.053125 0.109722
0 0.572266 0.447222 0.060156 0.088889
0 0.537109 0.269444 0.032031 0.130556
