0 0.708203 0.546528 0.057031 0.162500
0 0.780469 0.495833 0.076563 0.158333
0 0.889453 0.487500 0.057031 0.147222
0 0.503125 0.390278 0.037500 0.097222
0 0.420312 0.502778 0.075000 0.172222
0 0.353125 0.319444 0.046875 0.100000
0 0.537891 0.390972 0.049219 0.106944
0 0.067578 0.541667 0.044531 0.122222
0 0.619531 0.291667 0.042188 0.111111
0 0.852344 0.701389 0.093750 0.247222
0 0.472266 0.367361 0.038281 0.084722
0 0.379688 0.468056 0.040625 0.169444
0 0.435547 0.331250 0.032031 0.090278
0 0.175000 0.881250 0.084375 0.145833
0 0.164062 0.377083 0.050000 0.231944
0 0.316406 0.427778 0.054688 0.144444
0 0.551562 0.279167 0.040625 0.152778
0 0.231250 0.468056 0.059375 0.163889
0 0.199219 0.955903 0.076563 0.086806
0 0.580859 0.274306 0.036719 0.093056
0 0.114062 0.553472 0.037500 0.079167
0 0.567187 0.453472 0.070312 0.076389
