0 0.726172 0.550694 0.078906 0.154167
0 0.547656 0.388889 0.051562 0.127778
0 0.618750 0.286111 0.043750 0.116667
0 0.503906 0.387500 0.037500 0.097222
0 0.421484 0.504167 0.072656 0.175000
0 0.908203 0.626389 0.069531 0.252778
0 0.778906 0.478472 0.070312 0.148611
0 0.351562 0.322222 0.050000 0.100000
0 0.067969 0.538194 0.045312 0.123611
0 0.382812 0.463889 0.042188 0.166667
0 0.581250 0.278472 0.039062 0.101389
0 0.189844 0.960764 0.079687 0.077083
0 0.551953 0.269444 0.038281 0.133333
0 0.824609 0.732639 0.113281 0.140278
0 0.173437 0.919444 0.093750 0.155556
0 0.569141 0.441667 0.064844 0.100000
0 0.307812 0.548611 0.078125 0.411111
0 0.453906 0.358333 0.062500 0.100000
0 0.058594 0.513889 0.064062 0.175000
0 0.044141 0.487500 0.030469 0.119444
0 0.127344 0.567361 0.054688 0.112500
