0 0.792188 0.481250 0.081250 0.145833
0 0.068750 0.538194 0.043750 0.123611
0 0.722656 0.556250 0.079687 0.145833
0 0.539844 0.399306 0.045312 0.131944
0 0.417969 0.502778 0.079687 0.183333
0 0.901563 0.500000 0.065625 0.144444
0 0.350000 0.323611 0.046875 0.102778
0 0.471484 0.352778 0.033594 0.094444
0 0.816797 0.813889 0.114844 0.350000
0 0.128906 0.556944 0.051562 0.102778
0 0.180078 0.879167 0.082031 0.152778
0 0.579297 0.278472 0.035156 0.104167
0 0.614844 0.293056 0.045312 0.113889
0 0.591797 0.423611 0.060156 0.152778
0 0.533984 0.297222 0.072656 0.166667
0 0.432031 0.327083 0.035937 0.073611
0 0.199219 0.955208 0.073438 0.088194
0 0.317969 0.424306 0.054688 0.148611
0 0.291406 0.352778 0.029687 0.077778
0 0.500000 0.390278 0.037500 0.091667
0 0.543750 0.222222 0.023438 0.052778
