0 0.897266 0.493056 0.061719 0.158333
0 0.792188 0.481944 0.081250 0.147222
0 0.722266 0.552083 0.077344 0.154167
0 0.069531 0.538889 0.045312 0.122222
0 0.613672 0.291667 0.042969 0.111111
0 0.417969 0.502778 0.075000 0.177778
0 0.433594 0.327083 0.040625 0.079167
0 0.541016 0.397917 0.044531 0.134722
0 0.350000 0.322917 0.046875 0.101389
0 0.817187 0.815278 0.115625 0.352778
0 0.462500 0.358333 0.034375 0.100000
0 0.578906 0.277778 0.035937 0.102778
0 0.179688 0.881250 0.082812 0.145833
0 0.130078 0.559722 0.050781 0.097222
0 0.592187 0.424306 0.059375 0.151389
0 0.315625 0.420833 0.053125 0.141667
0 0.198828 0.954514 0.074219 0.089583
0 0.549219 0.275000 0.045312 0.150000
0 0.358594 0.538889 0.073438 0.383333
0 0.290234 0.340278 0.025781 0.102778
0 0.498828 0.385417 0.033594 0.073611
