0 0.439063 0.518750 0.078125 0.198611
0 0.776953 0.478472 0.085156 0.154167
0 0.537500 0.395833 0.043750 0.136111
0 0.462500 0.355556 0.040625 0.094444
0 0.433203 0.319444 0.030469 0.083333
0 0.892969 0.472222 0.048438 0.188889
0 0.505078 0.387500 0.036719 0.097222
0 0.353125 0.319444 0.046875 0.094444
0 0.717969 0.559722 0.070312 0.136111
0 0.816406 0.812500 0.114062 0.347222
0 0.617969 0.293056 0.042188 0.102778
0 0.546875 0.277778 0.043750 0.155556
0 0.594922 0.422222 0.058594 0.144444
0 0.292969 0.355556 0.032813 0.083333
0 0.053516 0.520139 0.063281 0.168056
0 0.164062 0.872222 0.078125 0.144444
0 0.312891 0.411111 0.069531 0.188889
0 0.578516 0.283333 0.041406 0.122222
0 0.067969 0.536806 0.042188 0.123611
0 0.128516 0.550000 0.053906 0.088889
0 0.199219 0.949306 0.098437 0.093056
