0 0.347656 0.323611 0.045312 0.102778
0 0.417969 0.502778 0.073438 0.172222
0 0.501563 0.389583 0.046875 0.101389
0 0.727344 0.545139 0.075000 0.162500
0 0.477734 0.354861 0.041406 0.098611
0 0.616797 0.287500 0.044531 0.119444
0 0.315625 0.413194 0.050000 0.120833
0 0.819922 0.817361 0.114844 0.334722
0 0.773828 0.486111 0.061719 0.133333
0 0.580469 0.283333 0.035937 0.111111
0 0.376563 0.469444 0.042188 0.144444
0 0.436719 0.333333 0.042188 0.072222
0 0.573438 0.381944 0.037500 0.102778
0 0.900781 0.611111 0.092188 0.283333
0 0.571484 0.449306 0.060156 0.087500
0 0.128906 0.561111 0.054688 0.105556
0 0.547656 0.276389 0.048438 0.141667
0 0.049609 0.475000 0.036719 0.091667
0 0.061719 0.532639 0.040625 0.126389
0 0.160156 0.900000 0.075000 0.080556
0 0.179688 0.957292 0.073438 0.084028
