0 0.720313 0.550000 0.062500 0.155556
0 0.420312 0.502778 0.071875 0.175000
0 0.539062 0.391667 0.046875 0.111111
0 0.067187 0.543056 0.043750 0.113889
0 0.783984 0.502778 0.067969 0.094444
0 0.617578 0.289583 0.042969 0.109722
0 0.439063 0.332639 0.031250 0.095833
0 0.353906 0.319444 0.048438 0.100000
0 0.473438 0.365972 0.031250 0.084722
0 0.380469 0.470833 0.043750 0.169444
0 0.503516 0.387500 0.042969 0.100000
0 0.317188 0.425694 0.050000 0.145833
0 0.850781 0.698611 0.089063 0.241667
0 0.551562 0.277778 0.039062 0.150000
0 0.581641 0.277778 0.038281 0.100000
0 0.130859 0.560417 0.055469 0.106944
0 0.269922 0.482639 0.063281 0.209722
0 0.932031 0.591667 0.060937 0.341667
0 0.262500 0.326389 0.050000 0.180556
0 0.170313 0.895139 0.089063 0.159722
0 0.185938 0.939236 0.070312 0.120139
