0 0.791406 0.481944 0.082812 0.147222
0 0.722656 0.555556 0.079687 0.144444
0 0.068750 0.538889 0.043750 0.122222
0 0.417187 0.504167 0.078125 0.180556
0 0.540625 0.399306 0.046875 0.131944
0 0.435156 0.329167 0.045312 0.069444
0 0.899609 0.484722 0.060156 0.169444
0 0.476562 0.352778 0.046875 0.105556
0 0.350000 0.322222 0.046875 0.105556
0 0.612109 0.294444 0.046094 0.111111
0 0.180078 0.878472 0.083594 0.151389
0 0.816406 0.813194 0.114062 0.348611
0 0.129297 0.556944 0.052344 0.102778
0 0.591406 0.420139 0.057813 0.148611
0 0.198828 0.955208 0.074219 0.088194
0 0.558594 0.298611 0.045312 0.186111
0 0.293359 0.353472 0.032031 0.076389
0 0.313281 0.409028 0.070312 0.184722
0 0.589063 0.486111 0.065625 0.277778
0 0.492578 0.401389 0.046094 0.069444
