0 0.707812 0.545833 0.062500 0.158333
0 0.777344 0.490278 0.075000 0.163889
0 0.474609 0.353472 0.047656 0.101389
0 0.615234 0.285417 0.044531 0.118056
0 0.505469 0.386806 0.035937 0.098611
0 0.417187 0.504167 0.071875 0.175000
0 0.315625 0.412500 0.050000 0.119444
0 0.350000 0.323611 0.050000 0.102778
0 0.434375 0.331944 0.037500 0.080556
0 0.066797 0.538194 0.047656 0.120833
0 0.555469 0.388889 0.035937 0.088889
0 0.580078 0.273611 0.033594 0.091667
0 0.173047 0.912500 0.091406 0.163889
0 0.375781 0.474306 0.042188 0.145833
0 0.178516 0.957986 0.094531 0.082639
0 0.547656 0.257639 0.035937 0.112500
0 0.857422 0.637500 0.100781 0.225000
0 0.820703 0.740278 0.111719 0.152778
0 0.570312 0.447222 0.065625 0.094444
0 0.053906 0.486111 0.029687 0.108333
0 0.917578 0.511111 0.057031 0.122222
0 0.119922 0.543056 0.049219 0.066667
