0 0.787500 0.491667 0.093750 0.177778
0 0.473828 0.359722 0.042969 0.097222
0 0.500000 0.380556 0.037500 0.088889
0 0.348438 0.325694 0.046875 0.104167
0 0.631250 0.601389 0.103125 0.213889
0 0.316016 0.413889 0.052344 0.122222
0 0.698047 0.554167 0.067969 0.180556
0 0.908984 0.645139 0.064844 0.254167
0 0.380078 0.477778 0.044531 0.161111
0 0.526563 0.395833 0.065625 0.119444
0 0.423828 0.505556 0.071094 0.177778
0 0.171484 0.891667 0.100781 0.211111
0 0.069531 0.534722 0.048438 0.125000
0 0.425000 0.330556 0.035937 0.083333
0 0.570312 0.436806 0.065625 0.115278
0 0.575391 0.275694 0.030469 0.095833
0 0.546875 0.277083 0.046875 0.143056
0 0.842187 0.763194 0.081250 0.209722
0 0.179688 0.957292 0.093750 0.084028
0 0.054297 0.492361 0.033594 0.120833
0 0.609766 0.291667 0.046094 0.111111
0 0.117969 0.542361 0.042188 0.101389
