0 0.469922 0.363194 0.041406 0.093056
0 0.782031 0.477778 0.070312 0.122222
0 0.617578 0.290972 0.042969 0.109722
0 0.505469 0.386111 0.039062 0.100000
0 0.421094 0.502083 0.073438 0.173611
0 0.538281 0.391667 0.045312 0.111111
0 0.351953 0.318056 0.046094 0.102778
0 0.887109 0.491667 0.064844 0.136111
0 0.067187 0.541667 0.043750 0.116667
0 0.433594 0.334028 0.035937 0.090278
0 0.380469 0.475000 0.046875 0.166667
0 0.169922 0.390278 0.038281 0.258333
0 0.852344 0.698611 0.095312 0.247222
0 0.316016 0.426389 0.053906 0.147222
0 0.717187 0.547917 0.065625 0.159722
0 0.247656 0.474306 0.054688 0.240278
0 0.129297 0.561111 0.055469 0.105556
0 0.576562 0.274306 0.034375 0.098611
0 0.550781 0.279167 0.039062 0.152778
0 0.160547 0.874306 0.072656 0.101389
0 0.185156 0.958681 0.064062 0.081250
