0 0.068750 0.536111 0.043750 0.122222
0 0.785937 0.490278 0.090625 0.175000
0 0.417969 0.502778 0.073438 0.172222
0 0.908594 0.611806 0.070312 0.265278
0 0.350781 0.322917 0.048438 0.098611
0 0.473828 0.357639 0.038281 0.087500
0 0.500000 0.387500 0.040625 0.097222
0 0.635156 0.586111 0.076563 0.211111
0 0.624609 0.296528 0.039844 0.109722
0 0.315625 0.415278 0.051562 0.119444
0 0.547656 0.277778 0.048438 0.144444
0 0.693750 0.547222 0.071875 0.177778
0 0.373828 0.473611 0.041406 0.155556
0 0.569531 0.440972 0.064062 0.104167
0 0.842969 0.758333 0.082812 0.208333
0 0.179297 0.914583 0.085156 0.159722
0 0.538281 0.398611 0.045312 0.108333
0 0.426953 0.344444 0.039844 0.066667
0 0.052344 0.494444 0.032813 0.122222
0 0.183984 0.960764 0.082031 0.077083
0 0.582812 0.281250 0.040625 0.106944
0 0.124609 0.578472 0.053906 0.151389
