0 0.786719 0.490278 0.089063 0.177778
0 0.424219 0.505556 0.082812 0.180556
0 0.696875 0.542361 0.071875 0.170833
0 0.470313 0.353472 0.037500 0.095833
0 0.344141 0.323611 0.044531 0.102778
0 0.314844 0.412500 0.051562 0.125000
0 0.526172 0.397222 0.063281 0.116667
0 0.547266 0.277778 0.047656 0.144444
0 0.498828 0.380556 0.035156 0.077778
0 0.919531 0.606944 0.070312 0.263889
0 0.178906 0.923958 0.085938 0.150694
0 0.376563 0.477778 0.035937 0.161111
0 0.262500 0.460417 0.056250 0.326389
0 0.570312 0.437500 0.065625 0.113889
0 0.625000 0.290972 0.040625 0.095833
0 0.581250 0.281944 0.037500 0.108333
0 0.432422 0.338194 0.035156 0.079167
0 0.841797 0.763194 0.086719 0.209722
0 0.129297 0.564583 0.061719 0.115278
0 0.184766 0.960764 0.088281 0.077083
0 0.062500 0.541667 0.045312 0.119444
0 0.056250 0.461111 0.037500 0.069444
