0 0.700000 0.544444 0.068750 0.150000
0 0.528906 0.404861 0.067187 0.131944
0 0.439063 0.519444 0.078125 0.194444
0 0.615234 0.291667 0.042969 0.111111
0 0.462891 0.356250 0.033594 0.090278
0 0.754687 0.494444 0.090625 0.166667
0 0.352344 0.319444 0.048438 0.100000
0 0.646875 0.587500 0.087500 0.186111
0 0.821094 0.819444 0.106250 0.338889
0 0.437500 0.329167 0.028125 0.086111
0 0.054297 0.520139 0.064844 0.168056
0 0.131641 0.558333 0.055469 0.105556
0 0.323047 0.419444 0.052344 0.150000
0 0.174609 0.868056 0.075781 0.158333
0 0.592187 0.427778 0.059375 0.172222
0 0.539062 0.265972 0.028125 0.129167
0 0.582812 0.281250 0.037500 0.098611
0 0.290234 0.356944 0.028906 0.086111
0 0.067969 0.544444 0.050000 0.108333
0 0.200000 0.946528 0.107813 0.101389
0 0.490625 0.377778 0.040625 0.055556
