0 0.792969 0.481944 0.082812 0.147222
0 0.723047 0.554167 0.078906 0.152778
0 0.417969 0.504167 0.076563 0.180556
0 0.069531 0.540278 0.045312 0.119444
0 0.901172 0.479167 0.060156 0.163889
0 0.539453 0.398611 0.046094 0.130556
0 0.613281 0.290278 0.042188 0.108333
0 0.353906 0.316667 0.045312 0.097222
0 0.461719 0.359722 0.032813 0.100000
0 0.578125 0.277778 0.034375 0.100000
0 0.180859 0.879167 0.080469 0.152778
0 0.816797 0.812500 0.114844 0.347222
0 0.129688 0.556944 0.053125 0.102778
0 0.659375 0.457639 0.065625 0.379167
0 0.432031 0.330556 0.035937 0.061111
0 0.548438 0.276389 0.046875 0.152778
0 0.592578 0.423611 0.058594 0.144444
0 0.317578 0.425694 0.058594 0.151389
0 0.589844 0.486806 0.060937 0.268056
0 0.199219 0.953819 0.075000 0.090972
0 0.293359 0.352778 0.028906 0.077778
0 0.498437 0.393750 0.031250 0.081944
