0 0.469531 0.358333 0.035937 0.094444
0 0.542188 0.393056 0.050000 0.113889
0 0.614453 0.599306 0.074219 0.226389
0 0.318750 0.297917 0.059375 0.162500
0 0.769922 0.490278 0.064844 0.180556
0 0.915625 0.613194 0.065625 0.273611
0 0.315625 0.411806 0.046875 0.123611
0 0.069531 0.537500 0.045312 0.119444
0 0.375781 0.479167 0.042188 0.152778
0 0.437109 0.317361 0.042969 0.076389
0 0.550781 0.276389 0.051562 0.150000
0 0.449609 0.533333 0.069531 0.230556
0 0.571094 0.446528 0.067187 0.095833
0 0.498437 0.386111 0.034375 0.094444
0 0.157031 0.918750 0.076563 0.154167
0 0.054297 0.493056 0.035156 0.125000
0 0.828516 0.824306 0.124219 0.334722
0 0.130859 0.581250 0.061719 0.145833
0 0.182812 0.950000 0.051562 0.080556
0 0.592969 0.280556 0.045312 0.077778
