0 0.618750 0.600694 0.087500 0.215278
0 0.777734 0.492361 0.111719 0.173611
0 0.713281 0.544444 0.073438 0.166667
0 0.069141 0.537500 0.039844 0.119444
0 0.316406 0.414583 0.051562 0.118056
0 0.473438 0.361111 0.037500 0.088889
0 0.621875 0.293750 0.040625 0.106944
0 0.505469 0.385417 0.032813 0.095833
0 0.377344 0.477778 0.042188 0.158333
0 0.427344 0.506944 0.073438 0.186111
0 0.350391 0.321528 0.049219 0.098611
0 0.542188 0.394444 0.046875 0.116667
0 0.857812 0.652778 0.106250 0.208333
0 0.844922 0.763194 0.083594 0.212500
0 0.548438 0.276389 0.050000 0.141667
0 0.570703 0.437500 0.064844 0.113889
0 0.423438 0.329167 0.037500 0.080556
0 0.142969 0.613194 0.089063 0.226389
0 0.053906 0.491667 0.035937 0.116667
0 0.579688 0.274306 0.034375 0.098611
0 0.153516 0.893056 0.061719 0.116667
0 0.176953 0.953125 0.080469 0.092361
