0 0.784766 0.475000 0.082031 0.147222
0 0.722656 0.556944 0.076563 0.147222
0 0.417578 0.503472 0.078906 0.179167
0 0.904297 0.477083 0.057031 0.173611
0 0.592187 0.487500 0.068750 0.258333
0 0.472266 0.354861 0.038281 0.087500
0 0.069531 0.538194 0.045312 0.123611
0 0.431250 0.325694 0.039062 0.084722
0 0.539844 0.400000 0.045312 0.133333
0 0.612500 0.290278 0.043750 0.108333
0 0.350781 0.322222 0.048438 0.100000
0 0.816797 0.811111 0.114844 0.344444
0 0.529297 0.298611 0.078906 0.175000
0 0.577734 0.279167 0.032031 0.102778
0 0.495703 0.395139 0.041406 0.087500
0 0.130469 0.558333 0.051562 0.100000
0 0.310937 0.409722 0.071875 0.186111
0 0.548438 0.229861 0.018750 0.056944
0 0.291797 0.356944 0.035156 0.080556
0 0.187891 0.920486 0.096094 0.157639
0 0.276953 0.330556 0.022656 0.047222
0 0.186719 0.958681 0.109375 0.081250
