0 0.786328 0.491667 0.089844 0.177778
0 0.695703 0.541667 0.067969 0.172222
0 0.345703 0.325000 0.044531 0.105556
0 0.417969 0.502778 0.073438 0.172222
0 0.525000 0.400000 0.062500 0.116667
0 0.919531 0.604167 0.070312 0.258333
0 0.315234 0.414583 0.049219 0.123611
0 0.496875 0.379861 0.040625 0.079167
0 0.546875 0.277083 0.046875 0.143056
0 0.067578 0.534028 0.046094 0.129167
0 0.376953 0.478472 0.039844 0.154167
0 0.570312 0.437500 0.065625 0.113889
0 0.181250 0.924653 0.084375 0.149306
0 0.278906 0.380556 0.062500 0.266667
0 0.625000 0.292361 0.040625 0.098611
0 0.472266 0.351389 0.035156 0.080556
0 0.431641 0.340278 0.036719 0.080556
0 0.582812 0.281944 0.042188 0.108333
0 0.053125 0.488194 0.031250 0.112500
0 0.843750 0.753472 0.081250 0.201389
0 0.187891 0.959375 0.088281 0.079861
0 0.115625 0.547222 0.037500 0.055556
