0 0.704688 0.540278 0.068750 0.180556
0 0.500781 0.387500 0.039062 0.097222
0 0.472266 0.357639 0.044531 0.095833
0 0.837500 0.423611 0.090625 0.208333
0 0.774219 0.499306 0.067187 0.162500
0 0.896094 0.644444 0.070312 0.266667
0 0.538672 0.401389 0.049219 0.125000
0 0.442188 0.518750 0.075000 0.195833
0 0.435156 0.323611 0.045312 0.080556
0 0.614453 0.599306 0.074219 0.226389
0 0.310547 0.418056 0.041406 0.125000
0 0.376172 0.477083 0.042969 0.159722
0 0.142969 0.591667 0.076563 0.177778
0 0.166406 0.906250 0.095312 0.165278
0 0.826172 0.821528 0.119531 0.334722
0 0.549219 0.276389 0.051562 0.152778
0 0.600781 0.421528 0.076563 0.156944
0 0.177344 0.951042 0.060937 0.096528
0 0.060156 0.466667 0.035937 0.061111
0 0.065625 0.534028 0.065625 0.093056
0 0.577734 0.268056 0.058594 0.080556
