0 0.468750 0.359722 0.040625 0.097222
0 0.068750 0.539583 0.043750 0.120833
0 0.614062 0.288889 0.043750 0.111111
0 0.539062 0.393056 0.043750 0.119444
0 0.351562 0.320139 0.046875 0.106944
0 0.498047 0.389583 0.036719 0.098611
0 0.896875 0.475694 0.062500 0.170833
0 0.782813 0.506944 0.065625 0.097222
0 0.420703 0.503472 0.069531 0.179167
0 0.721094 0.555556 0.076563 0.144444
0 0.855078 0.699306 0.097656 0.248611
0 0.274609 0.356944 0.032031 0.077778
0 0.435547 0.327778 0.039844 0.100000
0 0.580469 0.276389 0.035937 0.097222
0 0.551562 0.275000 0.037500 0.144444
0 0.317969 0.423611 0.054688 0.152778
0 0.278516 0.296528 0.042969 0.145833
0 0.257031 0.427083 0.042188 0.165278
0 0.120703 0.547222 0.047656 0.066667
0 0.147266 0.891667 0.057031 0.086111
0 0.189062 0.952431 0.059375 0.093750
0 0.571094 0.448611 0.071875 0.080556
