0 0.775000 0.499306 0.118750 0.179167
0 0.473828 0.361111 0.041406 0.094444
0 0.379688 0.479167 0.043750 0.158333
0 0.614062 0.597917 0.103125 0.215278
0 0.916406 0.611806 0.070312 0.265278
0 0.316016 0.413889 0.053906 0.122222
0 0.429688 0.511111 0.078125 0.194444
0 0.350781 0.325000 0.051562 0.100000
0 0.621484 0.294444 0.041406 0.108333
0 0.828906 0.828472 0.123438 0.340278
0 0.257422 0.403472 0.047656 0.262500
0 0.428906 0.328472 0.029687 0.081944
0 0.570312 0.436806 0.065625 0.112500
0 0.507812 0.388889 0.026562 0.094444
0 0.549609 0.275000 0.052344 0.138889
0 0.548047 0.383333 0.055469 0.111111
0 0.132422 0.569444 0.071094 0.133333
0 0.158203 0.922917 0.074219 0.143056
0 0.188281 0.967014 0.076563 0.064583
0 0.056250 0.468056 0.042188 0.088889
0 0.068359 0.536111 0.044531 0.125000
0 0.579297 0.250000 0.047656 0.072222
