0 0.787109 0.491667 0.091406 0.180556
0 0.346484 0.325694 0.046094 0.104167
0 0.694922 0.554167 0.069531 0.175000
0 0.473438 0.359722 0.037500 0.091667
0 0.424219 0.504861 0.070312 0.179167
0 0.499219 0.379167 0.039062 0.086111
0 0.316016 0.413889 0.050781 0.122222
0 0.379297 0.478472 0.041406 0.159722
0 0.525391 0.393750 0.064844 0.118056
0 0.914453 0.604861 0.064844 0.240278
0 0.621094 0.600000 0.079687 0.213889
0 0.067969 0.536806 0.048438 0.123611
0 0.570312 0.438194 0.065625 0.112500
0 0.546875 0.276389 0.046875 0.141667
0 0.576172 0.275000 0.030469 0.094444
0 0.150391 0.843056 0.071094 0.180556
0 0.053906 0.485417 0.032813 0.104167
0 0.841797 0.763889 0.083594 0.205556
0 0.426953 0.333333 0.033594 0.066667
0 0.609375 0.291667 0.046875 0.111111
0 0.110937 0.549306 0.042188 0.095833
0 0.169141 0.949653 0.058594 0.099306
