0 0.792188 0.485417 0.078125 0.143056
0 0.468359 0.362500 0.033594 0.097222
0 0.437500 0.326389 0.037500 0.094444
0 0.612891 0.290278 0.044531 0.111111
0 0.069531 0.539583 0.045312 0.120833
0 0.719922 0.550000 0.074219 0.150000
0 0.432031 0.522222 0.087500 0.194444
0 0.505078 0.381944 0.038281 0.091667
0 0.353125 0.319444 0.050000 0.097222
0 0.816016 0.813194 0.113281 0.351389
0 0.547266 0.277778 0.046094 0.155556
0 0.531250 0.394444 0.053125 0.138889
0 0.130469 0.558333 0.054688 0.105556
0 0.926172 0.525000 0.053906 0.216667
0 0.575781 0.277083 0.035937 0.104167
0 0.590234 0.422222 0.061719 0.150000
0 0.292578 0.355556 0.035156 0.083333
0 0.312109 0.409722 0.071094 0.186111
0 0.162109 0.869444 0.078906 0.138889
0 0.064062 0.485417 0.034375 0.115278
0 0.172266 0.897917 0.110156 0.201389
