0 0.787891 0.490972 0.092969 0.179167
0 0.692969 0.548611 0.079687 0.186111
0 0.348828 0.323611 0.047656 0.097222
0 0.315234 0.413889 0.052344 0.122222
0 0.628125 0.598611 0.100000 0.225000
0 0.424609 0.329167 0.035156 0.080556
0 0.380078 0.479861 0.042969 0.156944
0 0.431250 0.511806 0.085938 0.190278
0 0.067969 0.534722 0.045312 0.125000
0 0.625000 0.292361 0.040625 0.098611
0 0.569141 0.438194 0.064844 0.109722
0 0.504687 0.386806 0.031250 0.098611
0 0.573047 0.277083 0.038281 0.106944
0 0.560156 0.383333 0.029687 0.088889
0 0.470313 0.352778 0.031250 0.077778
0 0.855859 0.654861 0.105469 0.268056
0 0.546875 0.275000 0.046875 0.138889
0 0.142187 0.589583 0.075000 0.176389
0 0.846875 0.755556 0.089063 0.222222
0 0.174609 0.926042 0.107031 0.146528
0 0.054688 0.490972 0.034375 0.115278
0 0.185156 0.945486 0.098437 0.107639
