0 0.708594 0.544444 0.064062 0.161111
0 0.780078 0.479861 0.071094 0.162500
0 0.469922 0.356250 0.041406 0.098611
0 0.419531 0.505556 0.071875 0.172222
0 0.434766 0.330556 0.038281 0.083333
0 0.348438 0.324306 0.046875 0.104167
0 0.613281 0.285417 0.046875 0.115278
0 0.067187 0.537500 0.046875 0.122222
0 0.315234 0.412500 0.049219 0.119444
0 0.505469 0.390278 0.035937 0.097222
0 0.174219 0.912500 0.089063 0.163889
0 0.375000 0.476389 0.043750 0.152778
0 0.182031 0.960764 0.090625 0.077083
0 0.578906 0.273611 0.032813 0.091667
0 0.126562 0.564583 0.059375 0.109722
0 0.561719 0.378472 0.040625 0.112500
0 0.545703 0.258333 0.033594 0.116667
0 0.569531 0.445833 0.067187 0.097222
0 0.819922 0.734722 0.108594 0.141667
0 0.053906 0.485417 0.029687 0.106944
0 0.874609 0.619444 0.055469 0.169444
0 0.921094 0.515278 0.040625 0.105556
