0 0.468750 0.357639 0.037500 0.090278
0 0.436719 0.325694 0.039062 0.087500
0 0.776563 0.500000 0.071875 0.161111
0 0.544141 0.389583 0.044531 0.112500
0 0.441406 0.516667 0.076563 0.194444
0 0.916016 0.613889 0.067969 0.272222
0 0.375391 0.477778 0.039844 0.155556
0 0.067969 0.538194 0.042188 0.118056
0 0.621875 0.597917 0.075000 0.220833
0 0.671094 0.543056 0.057813 0.225000
0 0.315625 0.415278 0.043750 0.119444
0 0.498437 0.386806 0.035937 0.098611
0 0.288672 0.368056 0.050781 0.252778
0 0.570312 0.440278 0.065625 0.102778
0 0.827734 0.824306 0.121094 0.337500
0 0.549609 0.275000 0.052344 0.144444
0 0.132031 0.578472 0.067187 0.140278
0 0.157031 0.919444 0.073438 0.155556
0 0.191016 0.960069 0.083594 0.078472
0 0.055078 0.489583 0.035156 0.115278
0 0.590625 0.264583 0.035937 0.056944
