0 0.787109 0.490972 0.091406 0.176389
0 0.703125 0.544444 0.078125 0.172222
0 0.346094 0.325000 0.045312 0.105556
0 0.316406 0.413194 0.051562 0.123611
0 0.472656 0.354861 0.039062 0.095833
0 0.423828 0.504167 0.071094 0.180556
0 0.917969 0.606944 0.076563 0.269444
0 0.376953 0.478472 0.038281 0.162500
0 0.179297 0.924653 0.085156 0.149306
0 0.547266 0.276389 0.047656 0.141667
0 0.497656 0.384722 0.042188 0.091667
0 0.625000 0.290278 0.040625 0.091667
0 0.426953 0.338889 0.046094 0.088889
0 0.066016 0.534722 0.042969 0.125000
0 0.573828 0.438889 0.063281 0.111111
0 0.543750 0.561806 0.075000 0.368056
0 0.523828 0.392361 0.053906 0.104167
0 0.841406 0.762500 0.085938 0.213889
0 0.580469 0.280556 0.039062 0.116667
0 0.053516 0.488194 0.032031 0.109722
0 0.129688 0.563194 0.062500 0.109722
0 0.182031 0.952431 0.096875 0.093750
