0 0.775781 0.484722 0.060937 0.141667
0 0.720703 0.552778 0.061719 0.150000
0 0.421094 0.502083 0.071875 0.173611
0 0.469922 0.365278 0.042969 0.086111
0 0.618359 0.290278 0.042969 0.108333
0 0.433594 0.331944 0.035937 0.091667
0 0.350781 0.321528 0.048438 0.095833
0 0.067578 0.543056 0.044531 0.113889
0 0.537891 0.390278 0.047656 0.108333
0 0.380859 0.471528 0.046094 0.170833
0 0.882812 0.472917 0.065625 0.145833
0 0.503516 0.388194 0.042969 0.101389
0 0.257812 0.347222 0.040625 0.222222
0 0.849609 0.698611 0.091406 0.247222
0 0.130859 0.561111 0.055469 0.108333
0 0.576562 0.272917 0.034375 0.095833
0 0.317188 0.420833 0.050000 0.141667
0 0.170703 0.898611 0.083594 0.152778
0 0.551562 0.278472 0.040625 0.148611
0 0.289844 0.516667 0.070312 0.183333
0 0.189453 0.951736 0.074219 0.095139
