0 0.774219 0.495139 0.064062 0.115278
0 0.540625 0.393056 0.043750 0.108333
0 0.718750 0.549306 0.059375 0.154167
0 0.419531 0.504167 0.073438 0.175000
0 0.618750 0.287500 0.043750 0.113889
0 0.462891 0.366667 0.041406 0.083333
0 0.066797 0.527778 0.050781 0.144444
0 0.353125 0.320833 0.050000 0.097222
0 0.430469 0.322917 0.039062 0.081944
0 0.501953 0.388889 0.042969 0.094444
0 0.906250 0.633333 0.065625 0.241667
0 0.581641 0.279167 0.039844 0.102778
0 0.551562 0.276389 0.040625 0.147222
0 0.380469 0.481944 0.045312 0.158333
0 0.317969 0.420833 0.045312 0.130556
0 0.188281 0.962847 0.082812 0.072917
0 0.172656 0.915278 0.090625 0.163889
0 0.130078 0.561806 0.057031 0.106944
0 0.292187 0.464583 0.065625 0.143056
0 0.828906 0.751389 0.085938 0.191667
0 0.071875 0.472222 0.043750 0.066667
