0 0.698438 0.543056 0.068750 0.150000
0 0.439063 0.518750 0.081250 0.198611
0 0.614844 0.288889 0.042188 0.111111
0 0.649219 0.587500 0.085938 0.186111
0 0.528516 0.404167 0.064844 0.130556
0 0.751953 0.501389 0.085156 0.147222
0 0.474609 0.352083 0.049219 0.093056
0 0.821094 0.818056 0.107813 0.341667
0 0.352344 0.319444 0.048438 0.100000
0 0.446094 0.323611 0.051562 0.102778
0 0.053906 0.520139 0.064062 0.168056
0 0.131250 0.557639 0.053125 0.106944
0 0.325000 0.420139 0.056250 0.151389
0 0.591406 0.424306 0.060937 0.168056
0 0.275000 0.336111 0.025000 0.102778
0 0.539453 0.265278 0.028906 0.130556
0 0.157812 0.901042 0.096875 0.196528
0 0.578516 0.264583 0.028906 0.065278
0 0.296094 0.332639 0.031250 0.048611
0 0.189062 0.946181 0.075000 0.106250
0 0.067969 0.554861 0.050000 0.106944
0 0.482422 0.384028 0.042969 0.048611
