0 0.470703 0.359722 0.039844 0.091667
0 0.774219 0.506944 0.070312 0.144444
0 0.318359 0.412500 0.049219 0.119444
0 0.828125 0.821528 0.121875 0.334722
0 0.376563 0.476389 0.040625 0.158333
0 0.430469 0.511806 0.082812 0.195833
0 0.538281 0.392361 0.048438 0.118056
0 0.350000 0.322222 0.053125 0.100000
0 0.915625 0.607639 0.062500 0.256944
0 0.633984 0.604167 0.097656 0.191667
0 0.426953 0.327083 0.050781 0.095833
0 0.071875 0.537500 0.046875 0.119444
0 0.503516 0.388889 0.033594 0.094444
0 0.570312 0.438194 0.065625 0.109722
0 0.054688 0.494444 0.037500 0.127778
0 0.548828 0.275694 0.050781 0.148611
0 0.131641 0.584028 0.066406 0.148611
0 0.280469 0.335417 0.029687 0.173611
0 0.147266 0.876389 0.050781 0.127778
0 0.182812 0.945486 0.075000 0.107639
0 0.587891 0.268056 0.042969 0.063889
