0 0.786719 0.490278 0.089063 0.177778
0 0.696094 0.543056 0.070312 0.169444
0 0.471094 0.359028 0.042188 0.093056
0 0.418359 0.502778 0.075781 0.172222
0 0.067187 0.533333 0.043750 0.127778
0 0.525000 0.397917 0.062500 0.115278
0 0.496484 0.379167 0.041406 0.080556
0 0.313281 0.413889 0.046875 0.122222
0 0.342969 0.320833 0.043750 0.091667
0 0.918750 0.603472 0.068750 0.262500
0 0.546875 0.277083 0.046875 0.143056
0 0.569922 0.437500 0.064844 0.113889
0 0.180859 0.923958 0.082031 0.150694
0 0.625000 0.290972 0.040625 0.095833
0 0.350781 0.527083 0.092188 0.368056
0 0.841016 0.756250 0.082031 0.209722
0 0.582812 0.281944 0.040625 0.108333
0 0.053516 0.491667 0.032031 0.119444
0 0.428906 0.338889 0.039062 0.061111
0 0.384375 0.444444 0.025000 0.083333
0 0.188281 0.959375 0.089063 0.079861
0 0.119922 0.546528 0.053906 0.054167
