0 0.706250 0.538889 0.056250 0.175000
0 0.787500 0.493056 0.093750 0.163889
0 0.417969 0.502778 0.073438 0.172222
0 0.478125 0.356250 0.043750 0.101389
0 0.316406 0.413194 0.051562 0.123611
0 0.350000 0.323611 0.050000 0.102778
0 0.617188 0.285417 0.046875 0.118056
0 0.505859 0.386111 0.036719 0.100000
0 0.579688 0.278472 0.034375 0.104167
0 0.905469 0.620139 0.073438 0.273611
0 0.430469 0.338889 0.048438 0.083333
0 0.372656 0.473611 0.043750 0.158333
0 0.173047 0.913889 0.089844 0.163889
0 0.560156 0.386111 0.032813 0.077778
0 0.182812 0.956597 0.100000 0.085417
0 0.819922 0.818056 0.114844 0.336111
0 0.550000 0.270833 0.037500 0.136111
0 0.907031 0.483333 0.035937 0.105556
0 0.130859 0.564583 0.057031 0.115278
0 0.570703 0.446528 0.067969 0.093056
0 0.048047 0.478472 0.032031 0.093056
0 0.066797 0.527778 0.035156 0.119444
