0 0.782031 0.475000 0.079687 0.152778
0 0.417187 0.502778 0.071875 0.172222
0 0.347266 0.323611 0.047656 0.108333
0 0.500781 0.385417 0.039062 0.104167
0 0.655469 0.532639 0.062500 0.262500
0 0.068359 0.538194 0.039844 0.118056
0 0.621094 0.293056 0.039062 0.113889
0 0.174219 0.900000 0.092188 0.172222
0 0.315625 0.415278 0.053125 0.119444
0 0.726562 0.553472 0.082812 0.143056
0 0.185547 0.959375 0.089844 0.079861
0 0.546875 0.272917 0.046875 0.134722
0 0.473047 0.354861 0.033594 0.093056
0 0.582422 0.281944 0.039844 0.108333
0 0.373437 0.468750 0.040625 0.145833
0 0.568359 0.383333 0.042969 0.102778
0 0.428516 0.344444 0.038281 0.069444
0 0.855078 0.633333 0.121094 0.250000
0 0.571484 0.447222 0.061719 0.091667
0 0.829688 0.826389 0.125000 0.327778
0 0.047656 0.497917 0.029687 0.126389
0 0.121875 0.552778 0.040625 0.083333
