0 0.787500 0.490972 0.092188 0.179167
0 0.697656 0.554861 0.067187 0.176389
0 0.346875 0.323611 0.043750 0.097222
0 0.630469 0.600694 0.104688 0.220833
0 0.316016 0.413889 0.050781 0.122222
0 0.379688 0.477778 0.043750 0.161111
0 0.430469 0.511806 0.079687 0.190278
0 0.470703 0.362500 0.033594 0.091667
0 0.071484 0.534028 0.046094 0.123611
0 0.421875 0.330556 0.040625 0.083333
0 0.843750 0.760417 0.084375 0.212500
0 0.053906 0.495139 0.035937 0.129167
0 0.570312 0.441667 0.065625 0.105556
0 0.575391 0.274306 0.032031 0.095833
0 0.548047 0.277083 0.049219 0.143056
0 0.856250 0.651389 0.109375 0.219444
0 0.534375 0.394444 0.059375 0.116667
0 0.610156 0.293056 0.046875 0.108333
0 0.130078 0.569444 0.064844 0.122222
0 0.502344 0.381250 0.032813 0.093056
0 0.149219 0.896528 0.062500 0.112500
0 0.182031 0.960069 0.064062 0.078472
