0 0.707031 0.540278 0.064062 0.175000
0 0.472266 0.358333 0.046094 0.094444
0 0.436719 0.327083 0.048438 0.098611
0 0.441406 0.514583 0.070312 0.198611
0 0.069922 0.537500 0.044531 0.119444
0 0.501563 0.388194 0.037500 0.095833
0 0.538672 0.401389 0.046094 0.130556
0 0.773047 0.500000 0.063281 0.161111
0 0.308203 0.419444 0.042969 0.127778
0 0.613281 0.600694 0.073438 0.223611
0 0.376172 0.477083 0.039844 0.159722
0 0.142969 0.591667 0.076563 0.177778
0 0.888672 0.634722 0.091406 0.269444
0 0.167187 0.911111 0.096875 0.172222
0 0.678125 0.450000 0.071875 0.311111
0 0.589063 0.476389 0.062500 0.263889
0 0.166797 0.951042 0.057031 0.096528
0 0.054688 0.488889 0.037500 0.111111
0 0.550000 0.275694 0.053125 0.148611
0 0.830469 0.829861 0.126562 0.329167
0 0.576953 0.293056 0.044531 0.088889
