0 0.722266 0.560417 0.075781 0.137500
0 0.614062 0.288889 0.043750 0.111111
0 0.067578 0.540972 0.042969 0.120833
0 0.539062 0.400694 0.046875 0.131944
0 0.898828 0.474306 0.057031 0.168056
0 0.591016 0.484722 0.067969 0.266667
0 0.433984 0.329167 0.044531 0.102778
0 0.467187 0.358333 0.031250 0.094444
0 0.349219 0.323611 0.048438 0.113889
0 0.298828 0.300000 0.044531 0.177778
0 0.419922 0.501389 0.072656 0.180556
0 0.816797 0.811806 0.114844 0.343056
0 0.272266 0.373611 0.035156 0.133333
0 0.580078 0.280556 0.036719 0.105556
0 0.494922 0.386111 0.042969 0.105556
0 0.318359 0.426389 0.055469 0.152778
0 0.551953 0.275694 0.038281 0.145833
0 0.782813 0.512500 0.071875 0.086111
0 0.243359 0.408333 0.042969 0.144444
0 0.119531 0.542361 0.051562 0.076389
0 0.153906 0.900694 0.054688 0.101389
0 0.181250 0.953819 0.048438 0.090972
