0 0.779687 0.494444 0.106250 0.177778
0 0.471875 0.361111 0.042188 0.091667
0 0.346875 0.326389 0.048438 0.102778
0 0.625000 0.595833 0.081250 0.219444
0 0.377344 0.477083 0.042188 0.162500
0 0.688281 0.547917 0.060937 0.181944
0 0.316406 0.413194 0.048438 0.120833
0 0.426563 0.505556 0.071875 0.183333
0 0.621875 0.293750 0.040625 0.106944
0 0.505859 0.390278 0.027344 0.094444
0 0.829688 0.825694 0.125000 0.337500
0 0.549219 0.279167 0.051562 0.147222
0 0.570312 0.436111 0.065625 0.116667
0 0.422266 0.330556 0.041406 0.083333
0 0.058984 0.517361 0.053906 0.165278
0 0.069141 0.538889 0.039844 0.116667
0 0.580469 0.270833 0.035937 0.097222
0 0.130469 0.581944 0.064062 0.152778
0 0.910937 0.632639 0.065625 0.187500
0 0.551172 0.390972 0.044531 0.093056
0 0.146875 0.879861 0.065625 0.095833
0 0.179688 0.951736 0.073438 0.095139
