0 0.751563 0.497222 0.078125 0.194444
0 0.471094 0.359722 0.039062 0.091667
0 0.380469 0.479861 0.045312 0.156944
0 0.350000 0.323611 0.046875 0.097222
0 0.538281 0.392361 0.050000 0.112500
0 0.632031 0.606250 0.095312 0.198611
0 0.431641 0.517361 0.082031 0.193056
0 0.621875 0.295139 0.040625 0.109722
0 0.070312 0.536111 0.043750 0.122222
0 0.919141 0.606944 0.069531 0.269444
0 0.499219 0.394444 0.035937 0.088889
0 0.318359 0.415278 0.041406 0.113889
0 0.827344 0.827778 0.123438 0.338889
0 0.570312 0.439583 0.065625 0.106944
0 0.421875 0.326389 0.037500 0.080556
0 0.055078 0.494444 0.036719 0.127778
0 0.284375 0.325000 0.025000 0.150000
0 0.138672 0.590972 0.082031 0.173611
0 0.549219 0.273611 0.051562 0.141667
0 0.157031 0.920833 0.073438 0.152778
0 0.191016 0.962847 0.078906 0.072917
0 0.580859 0.270833 0.035156 0.091667
