0 0.722656 0.561111 0.076563 0.138889
0 0.068750 0.540972 0.043750 0.123611
0 0.613672 0.288889 0.042969 0.111111
0 0.539453 0.400000 0.046094 0.133333
0 0.895703 0.478472 0.057031 0.159722
0 0.351562 0.322222 0.046875 0.105556
0 0.247656 0.418056 0.060937 0.172222
0 0.816797 0.813889 0.114844 0.344444
0 0.419922 0.502778 0.071094 0.183333
0 0.495703 0.390972 0.039844 0.095833
0 0.580078 0.279167 0.035156 0.102778
0 0.466016 0.358333 0.033594 0.097222
0 0.591406 0.423611 0.056250 0.141667
0 0.435156 0.324306 0.042188 0.090278
0 0.782813 0.511806 0.068750 0.087500
0 0.403516 0.259722 0.028906 0.163889
0 0.319141 0.425694 0.055469 0.154167
0 0.551562 0.275694 0.040625 0.145833
0 0.271484 0.346528 0.044531 0.154167
0 0.160156 0.897222 0.067187 0.080556
0 0.182031 0.958681 0.046875 0.081250
0 0.119531 0.550694 0.048438 0.070833
