0 0.785937 0.490278 0.092188 0.175000
0 0.417969 0.502778 0.073438 0.172222
0 0.347656 0.323611 0.045312 0.108333
0 0.707422 0.543750 0.085156 0.176389
0 0.638281 0.588194 0.084375 0.218056
0 0.501953 0.388194 0.039844 0.101389
0 0.621484 0.293056 0.039844 0.113889
0 0.314063 0.415278 0.046875 0.113889
0 0.887109 0.637500 0.069531 0.263889
0 0.475000 0.351389 0.042188 0.091667
0 0.069141 0.536111 0.042969 0.122222
0 0.546484 0.274306 0.047656 0.134722
0 0.176953 0.902083 0.088281 0.190278
0 0.185938 0.958681 0.087500 0.081250
0 0.582031 0.283333 0.040625 0.111111
0 0.371094 0.468056 0.042188 0.136111
0 0.572266 0.383333 0.038281 0.105556
0 0.426953 0.344444 0.041406 0.066667
0 0.572656 0.447917 0.060937 0.090278
0 0.840234 0.753472 0.071094 0.212500
0 0.127344 0.552778 0.051562 0.111111
